training confusion matrix:
 [[3764   17   43   14   20    5   11   15   73   38]
 [  13 3890    2   13    6    4   11    0   14   47]
 [  57    3 3549   64  108   54   83   43   26   13]
 [  10    5   74 3570   65  145   79   22   19   11]
 [  36    4   85   70 3594   47   64   74   14   12]
 [  10    3   46  141   75 3609   37   65    9    5]
 [   8    8   58   53   37   26 3787    3   13    7]
 [  10    7   36   47   49   41    8 3788   11    3]
 [  46   18   18    8    9    8    9    5 3856   23]
 [  14   52    9   11    6    4    6    8   20 3870]]

validation confusion matrix:
 [[733  25  44  25  13   6  10   9  93  42]
 [ 31 790   4  12   4   5  16   9  27 102]
 [ 68   9 538  75 103  71  78  30  17  11]
 [ 23  10  74 451  57 214  87  43  19  22]
 [ 30   3  80  46 635  37  64  81  15   9]
 [ 14   4  70 167  46 599  31  49  10  10]
 [  5  18  54  62  49  33 754   5  10  10]
 [ 17   5  29  46  75  71   9 723   7  18]
 [ 62  32   8  17   6  10  10  10 806  39]
 [ 37 108  10  14   9   6  15  22  33 746]]