training confusion matrix:
 [[24  0  0  0  0  0  0  0  0  0]
 [ 0 24  0  0  0  0  0  0  0  0]
 [ 0  0 24  0  0  0  0  0  0  0]
 [ 0  0  0 20  0  0  0  0  0  0]
 [ 0  0  0  0 20  0  0  0  0  0]
 [ 0  0  0  0  0 16  0  0  0  0]
 [ 0  0  0  0  0  0 20  0  0  0]
 [ 0  0  0  0  0  0  0 24  0  0]
 [ 0  0  0  0  0  0  0  0 20  0]
 [ 0  0  0  0  0  0  0  0  0 24]]

validation confusion matrix:
 [[250  12  25  59  19  18 164   3  19  31]
 [  0 560   9   0   0   7   0   0   1  23]
 [ 10  15 344  18  22  26 116  20  21   8]
 [ 50  27  28  80  39  42  82  63  87   2]
 [  2   0   9  16 434   1  11  25   2   0]
 [ 18  81  50   6   0 151  14  11  59  10]
 [ 27   0  57  80  10  29 260  21  15   1]
 [  0   1  24  41  19   3  23 485   4   0]
 [ 74  71  40  34  14  60  25  16 152  14]
 [  7  56   5   0   0   1   0   1   4 526]]