training confusion matrix:
 [[24  0  0  0  0  0  0  0  0  0]
 [ 0 23  0  0  0  0  0  0  0  1]
 [ 0  0 24  0  0  0  0  0  0  0]
 [ 0  0  0 20  0  0  0  0  0  0]
 [ 0  0  0  0 20  0  0  0  0  0]
 [ 0  0  0  0  0 16  0  0  0  0]
 [ 0  0  0  0  0  0 20  0  0  0]
 [ 0  0  0  0  0  0  0 24  0  0]
 [ 0  0  0  0  0  0  0  0 20  0]
 [ 0  1  0  0  0  0  0  0  0 23]]

validation confusion matrix:
 [[209   6  80  69   7  12 140   3  40  34]
 [  0 575   7   0   0   2   0   0   0  16]
 [ 33  14 286  34  10  10 121  46  22  24]
 [ 57   6  57 133  16  31  49  61  84   6]
 [ 12   0  18  82 262   0  13  99  14   0]
 [ 10 100  41   5   0 174  12   8  43   7]
 [ 43   3 122  64  15  13 191  30  19   0]
 [  2   0  20  55  15   1  49 449   9   0]
 [ 75  40  45  52   4  59  13  37 162  13]
 [ 13  66  10   0   0   7   0   0   5 499]]