training confusion matrix:
 [[24  0  0  0  0  0  0  0  0  0]
 [ 0 24  0  0  0  0  0  0  0  0]
 [ 0  0 24  0  0  0  0  0  0  0]
 [ 0  0  0 20  0  0  0  0  0  0]
 [ 0  0  0  0 20  0  0  0  0  0]
 [ 0  0  0  0  0 16  0  0  0  0]
 [ 0  0  0  0  0  0 20  0  0  0]
 [ 0  0  0  0  0  0  0 24  0  0]
 [ 0  0  0  0  0  0  0  0 20  0]
 [ 0  0  0  0  0  0  0  0  0 24]]

validation confusion matrix:
 [[256  17  57  65  15   9 117   2  30  32]
 [  0 578   8   0   0  11   0   0   0   3]
 [ 24  10 312  25  19   4 112  55  16  23]
 [ 42  20  33 102  40  18  53  87 100   5]
 [  2   0   3  22 413   0   1  57   2   0]
 [  7  77  25   1   0 223   9  10  30  18]
 [ 26   1  79  33  24   9 264  40  21   3]
 [  0   0  14  24  49   1  29 477   6   0]
 [ 50  42  29  39  17  18  12  45 233  15]
 [  5  33   7   0   1   8   0   0   5 541]]