training confusion matrix:
 [[4000    0    0    0    0    0    0    0    0    0]
 [   0 4000    0    0    0    0    0    0    0    0]
 [   0    0 4000    0    0    0    0    0    0    0]
 [   0    0    0 4000    0    0    0    0    0    0]
 [   0    0    0    0 4000    0    0    0    0    0]
 [   0    0    0    0    0 4000    0    0    0    0]
 [   0    0    0    0    0    0 4000    0    0    0]
 [   0    0    0    0    0    0    0 4000    0    0]
 [   0    0    0    0    0    0    0    0 4000    0]
 [   0    0    0    0    0    0    0    0    0 4000]]

validation confusion matrix:
 [[777  21  46  20  20   9  10   8  62  27]
 [ 20 834   6  11   6   6  15   2  24  76]
 [ 52   2 614  66  95  64  62  23  12  10]
 [  8  12  86 506  62 176  84  36  19  11]
 [ 17   0  69  52 691  37  52  69   8   5]
 [ 12   6  61 167  56 604  34  46   6   8]
 [  9   7  47  56  40  26 790   6   6  13]
 [ 16   3  29  43  85  57  11 729   8  19]
 [ 46  30  14  13   3   6   8   6 850  24]
 [ 31  83   6  14   9   8  11   7  28 803]]