training confusion matrix:
 [[120   0   0   0   0   0   0   0   0   0]
 [  0 120   0   0   0   0   0   0   0   0]
 [  0   0 120   0   0   0   0   0   0   0]
 [  0   0   0 100   0   0   0   0   0   0]
 [  0   0   0   0 100   0   0   0   0   0]
 [  0   0   0   0   0  80   0   0   0   0]
 [  0   0   0   0   0   0 100   0   0   0]
 [  0   0   0   0   0   0   0 120   0   0]
 [  0   0   0   0   0   0   0   0 100   0]
 [  0   0   0   0   0   0   0   0   0 120]]

validation confusion matrix:
 [[436   3  18  24   2  19  55   1  27  15]
 [  0 538   5   1   0  32   0   0   2  22]
 [ 14   3 418  19  19  20  81  13   8   5]
 [ 36   1  33 194  38  22  67  46  63   0]
 [  0   0   3   7 469   0   4  16   1   0]
 [ 11  21  24   6   0 274  14   2  45   3]
 [ 34   0  64  19   9  15 337  12  10   0]
 [  0   0   2   8   7   0   5 576   2   0]
 [ 34  29  28  54  11  65  15   9 250   5]
 [  8   7   2   0   0   0   0   0   2 581]]