training confusion matrix:
 [[117   0   0   0   0   1   0   0   1   1]
 [  0 120   0   0   0   0   0   0   0   0]
 [  0   1 117   0   0   2   0   0   0   0]
 [  0   0   0 100   0   0   0   0   0   0]
 [  0   0   0   0 100   0   0   0   0   0]
 [  0   1   0   0   0  79   0   0   0   0]
 [  0   0   0   0   0   1  99   0   0   0]
 [  0   0   0   0   0   0   0 120   0   0]
 [  0   0   0   0   0   0   0   0 100   0]
 [  0   4   0   0   0   0   0   0   0 116]]

validation confusion matrix:
 [[393   2  39  36   0  20  63   0  30  17]
 [  1 547   6   1   0  35   0   1   2   7]
 [ 28   3 333  51  16  19  88  34  19   9]
 [ 39   1  34 199  35  14  58  53  67   0]
 [  4   0   4  11 431   0   4  37   9   0]
 [ 12  23  28  17   0 277  18   2  19   4]
 [ 43   0  80  37  12  11 282  21  14   0]
 [  0   0   3   7  12   2   8 567   1   0]
 [ 38  24  18  78   9  36  23   9 259   6]
 [  7  41   0   0   0   9   0   0   7 536]]