training confusion matrix:
 [[120   0   0   0   0   0   0   0   0   0]
 [  0 120   0   0   0   0   0   0   0   0]
 [  0   0 120   0   0   0   0   0   0   0]
 [  0   0   0 100   0   0   0   0   0   0]
 [  0   0   0   0 100   0   0   0   0   0]
 [  0   0   0   0   0  80   0   0   0   0]
 [  0   0   0   0   0   0 100   0   0   0]
 [  0   0   0   0   0   0   0 120   0   0]
 [  0   0   0   0   0   0   0   0 100   0]
 [  0   0   0   0   0   0   0   0   0 120]]

validation confusion matrix:
 [[461   2  29  23   1  18  37   0  14  15]
 [  0 559   6   2   0  29   0   0   0   4]
 [ 23   6 369  30  15  16  89  39  10   3]
 [ 38   0  27 227  35  18  56  53  46   0]
 [  1   0   1   3 463   0   5  26   1   0]
 [  5  15  22   8   0 311  13   6  17   3]
 [ 34   0  89  24  19  13 288  25   8   0]
 [  0   0   3   1  17   0   7 570   2   0]
 [ 44  18  26  77  10  30   9  17 261   8]
 [  6  10   5   0   0   8   0   0   4 567]]