training confusion matrix:
 [[3000    0    0    0    0    0    0    0    0    0]
 [   0 3000    0    0    0    0    0    0    0    0]
 [   0    0 3000    0    0    0    0    0    0    0]
 [   0    0    0 3000    0    0    0    0    0    0]
 [   0    0    0    0 3000    0    0    0    0    0]
 [   0    0    0    0    0 3000    0    0    0    0]
 [   0    0    0    0    0    0 3000    0    0    0]
 [   0    0    0    0    0    0    0 3000    0    0]
 [   0    0    0    0    0    0    0    0 3000    0]
 [   0    0    0    0    0    0    0    0    0 3000]]

validation confusion matrix:
 [[891  11  17  15   9   1   4   4  34  14]
 [  7 922   3   4   3   2   2   3  11  43]
 [ 39   2 775  32  57  25  35  26   4   5]
 [ 16   4  37 694  40 132  44  18  10   5]
 [ 16   3  39  31 830  27  14  33   6   1]
 [ 10   4  35 115  27 766  13  28   2   0]
 [  8   4  26  31   9  15 900   3   3   1]
 [ 14   1  16  19  28  32   0 884   3   3]
 [ 45  20   4   4   3   2   1   2 896  23]
 [ 19  48   5   7   1   2   5   4  20 889]]