training confusion matrix:
 [[3000    0    0    0    0    0    0    0    0    0]
 [   0 3000    0    0    0    0    0    0    0    0]
 [   0    0 3000    0    0    0    0    0    0    0]
 [   0    0    0 3000    0    0    0    0    0    0]
 [   0    0    0    0 3000    0    0    0    0    0]
 [   0    0    0    0    0 3000    0    0    0    0]
 [   0    0    0    0    0    0 3000    0    0    0]
 [   0    0    0    0    0    0    0 3000    0    0]
 [   0    0    0    0    0    0    0    0 3000    0]
 [   0    0    0    0    0    0    0    0    0 3000]]

validation confusion matrix:
 [[901   6  21   7   8   1   5   9  32  10]
 [  9 938   1   1   3   2   2   2   8  34]
 [ 51   4 743  43  49  36  44  17  10   3]
 [ 28   3  40 728  32  95  43  15  11   5]
 [ 13   2  32  29 849  14  21  31   8   1]
 [ 13   2  22 114  25 782  11  23   3   5]
 [  6   4  13  25  19  11 915   3   1   3]
 [  8   0  11  21  38  38   2 874   2   6]
 [ 40  12   5   3   0   2   3   4 920  11]
 [ 17  48   2   3   2   0   3   2  18 905]]