training confusion matrix:
 [[5000    0    0    0    0    0    0    0    0    0]
 [   0 5000    0    0    0    0    0    0    0    0]
 [   0    0 5000    0    0    0    0    0    0    0]
 [   0    0    0 5000    0    0    0    0    0    0]
 [   0    0    0    0 5000    0    0    0    0    0]
 [   0    0    0    0    0 5000    0    0    0    0]
 [   0    0    0    0    0    0 5000    0    0    0]
 [   0    0    0    0    0    0    0 5000    0    0]
 [   0    0    0    0    0    0    0    0 5000    0]
 [   0    0    0    0    0    0    0    0    0 5000]]

validation confusion matrix:
 [[902   3  16   6   7   3   7   3  39  14]
 [ 11 914   4   1   4   3   3   2  12  46]
 [ 48   0 773  33  47  32  44  14   4   5]
 [ 18   2  37 723  40 101  52  13   8   6]
 [  8   2  38  35 838  20  30  21   6   2]
 [  6   3  22 109  23 806  15  12   3   1]
 [  7   2  14  26   8   6 925   2   8   2]
 [ 13   1  17  26  35  27   7 867   4   3]
 [ 35  12   4   7   2   4   4   0 917  15]
 [ 28  42   4   2   2   0   5   4  16 897]]