training confusion matrix:
 [[2726   64   38    2   94  264   44  157  575   36]
 [  36 3459    1    2   32  106   40   69  183   72]
 [ 184   22  116    1 1705 1238  310  283  127   14]
 [  21    7   19    0  200 3177  298  194   76    8]
 [  51   10   29    0 2288  531  296  712   80    3]
 [   8    7    5    0  145 3480   88  232   29    6]
 [   8   20    4    2  178  321 3377   55   32    3]
 [  10    4    3    0  112  339   25 3476   26    5]
 [  83   80    8    1   41  107   22   35 3606   17]
 [  70  531    4    0   43  237   48  227  268 2572]]

validation confusion matrix:
 [[604  20  13   0  25  96  14  47 171  10]
 [ 19 790   2   0  11  29  32  14  70  33]
 [ 65   6  30   0 390 317 107  61  21   3]
 [ 11   3   5   0  71 722  88  77  21   2]
 [ 20   2   8   0 519 148  75 202  25   1]
 [  3   2   0   0  57 830  28  71   8   1]
 [  6  10   3   0  61 110 769  26  10   5]
 [  4   3   0   0  42 132  11 798   7   3]
 [ 37  28   2   0  11  28  12  24 853   5]
 [ 26 180   3   1  15  60  20  78  79 538]]