training confusion matrix:
 [[4000    0    0    0    0    0    0    0    0    0]
 [   0 4000    0    0    0    0    0    0    0    0]
 [   0    0 4000    0    0    0    0    0    0    0]
 [   0    0    0 4000    0    0    0    0    0    0]
 [   0    0    0    0 4000    0    0    0    0    0]
 [   0    0    0    0    0 4000    0    0    0    0]
 [   0    0    0    0    0    0 4000    0    0    0]
 [   0    0    0    0    0    0    0 4000    0    0]
 [   0    0    0    0    0    0    0    0 4000    0]
 [   0    0    0    0    0    0    0    0    0 4000]]

validation confusion matrix:
 [[903   9  19   8   9   4   4   2  33   9]
 [  4 951   3   3   1   1   5   0   9  23]
 [ 36   4 816  29  40  33  25   8   5   4]
 [ 14   0  33 755  33 110  32  11   7   5]
 [  8   0  24  23 871  21  10  37   4   2]
 [  8   1  28  84  18 828  10  20   1   2]
 [  6   1  32  24  18  10 903   0   2   4]
 [  4   0  16  22  29  28   6 891   2   2]
 [ 35  12   5   3   4   1   1   1 934   4]
 [ 18  47   1   2   3   3   1   4  15 906]]