training confusion matrix:
 [[3126   64  176   66   67   30   32   54  257  128]
 [  58 3524   11   29   22   11   34   21   85  205]
 [ 162   35 2642  186  327  191  229  133   53   42]
 [  53   28  241 2588  208  481  190   97   62   52]
 [  82   21  245  177 2858  128  191  216   57   25]
 [  20   20  186  462  177 2833   82  161   24   35]
 [  17   27  174  147  174   69 3312   29   24   27]
 [  30   24  106  125  195  152   25 3274   22   47]
 [ 139  121   43   56   32   19   15   10 3482   83]
 [  72  244   28   51   33   27   31   46   96 3372]]

validation confusion matrix:
 [[693  31  48  24  23  13   9  15  99  45]
 [ 30 768   3  15  11   6  19  12  41  95]
 [ 61  10 488  76 126  79  91  35  19  15]
 [ 19  18 103 437  63 201  77  47  18  17]
 [ 35  10  94  50 591  45  61  88  11  15]
 [  9   5  91 167  59 552  35  58   9  15]
 [  6  15  50  62  61  33 730  15  10  18]
 [  8   6  52  49  81  69  12 679  13  31]
 [ 72  40  12  14  16  10   9   8 782  37]
 [ 33 136   8  17   8  18  16  27  37 700]]