training confusion matrix:
 [[100   0   0   0   0   0   0   0   0   0]
 [  0 100   0   0   0   0   0   0   0   0]
 [  0   0 100   0   0   0   0   0   0   0]
 [  0   0   0 100   0   0   0   0   0   0]
 [  0   0   0   0 100   0   0   0   0   0]
 [  0   0   0   0   0 100   0   0   0   0]
 [  0   0   0   0   0   0 100   0   0   0]
 [  0   0   0   0   0   0   0 100   0   0]
 [  0   0   0   0   0   0   0   0 100   0]
 [  0   0   0   0   0   0   0   0   0 100]]

validation confusion matrix:
 [[691  18  54  20  22   4   7  13 124  47]
 [ 25 770   4   7   5   1  14   5  56 113]
 [102   5 529  51 124  62  68  40  12   7]
 [ 36   6  76 494  62 184  73  40  16  13]
 [ 32   4  75  73 605  36  53  96  15  11]
 [ 14   3  59 168  57 603  26  59   7   4]
 [ 13   8  44  47  39  24 804   9   9   3]
 [ 16   3  38  57  84  70  15 680  10  27]
 [104  47  10  10   5   6   5   0 765  48]
 [ 35 119   6  17   6   5   5   6  42 759]]