training confusion matrix:
 [[100   0   0   0   0   0   0   0   0   0]
 [  0 100   0   0   0   0   0   0   0   0]
 [  0   0 100   0   0   0   0   0   0   0]
 [  0   0   0 100   0   0   0   0   0   0]
 [  0   0   0   0 100   0   0   0   0   0]
 [  0   0   0   0   0 100   0   0   0   0]
 [  0   0   0   0   0   0 100   0   0   0]
 [  0   0   0   0   0   0   0 100   0   0]
 [  0   0   0   0   0   0   0   0 100   0]
 [  0   0   0   0   0   0   0   0   0 100]]

validation confusion matrix:
 [[575  35  51  35  23  20  14  22 164  61]
 [ 59 549   8  40  15  11  24  23  63 208]
 [ 93  28 332  93 149  83 115  48  41  18]
 [ 62  35  83 262 101 227 124  59  19  28]
 [ 46  15 144  94 353  62 136 111  25  14]
 [ 37  14  89 173  92 401  72  84  23  15]
 [ 26  28  87  57 116  49 574  35   8  20]
 [ 44  20  43  70 103  98  49 487  16  70]
 [155  75  13  20  11  37  15  14 591  69]
 [ 66 200  14  36  16  17  25  24  53 549]]