training confusion matrix:
 [[3859   10   39    8   17    5    3    7   36   16]
 [  20 3928    0    7    3    4    2    2   12   22]
 [  73    4 3631   53  125   35   37   25    5   12]
 [  23    5  107 3526   84  159   50   26   11    9]
 [  36    3   94   54 3711   15   18   57   12    0]
 [  13    5   67  173   57 3627   13   36    5    4]
 [  10    6   73   57   62   29 3748    4    9    2]
 [  11    0   31   24   65   15    3 3843    2    6]
 [  53   19    7    8   13    5    3    1 3876   15]
 [  24   35    9    6    1    5    1    2   20 3897]]

validation confusion matrix:
 [[765  20  42  17  24  17   7  12  62  34]
 [ 30 795  10  14   7   4  12   6  29  93]
 [ 49   7 573  74 102  69  59  36  21  10]
 [ 26  12  96 450  64 205  63  52  14  18]
 [ 26   6  83  63 646  33  37  85  12   9]
 [ 17   8  74 149  55 600  33  52   6   6]
 [ 11  19  52  76  60  33 726   5   8  10]
 [ 20   8  34  45  66  58  10 738   3  18]
 [ 81  54  15  14  13   6   7   8 767  35]
 [ 45 123  13  20   9  14   7  20  27 722]]