training confusion matrix:
 [[4000    0    0    0    0    0    0    0    0    0]
 [   0 4000    0    0    0    0    0    0    0    0]
 [   0    0 4000    0    0    0    0    0    0    0]
 [   0    0    0 4000    0    0    0    0    0    0]
 [   0    0    0    0 4000    0    0    0    0    0]
 [   0    0    0    0    0 4000    0    0    0    0]
 [   0    0    0    0    0    0 4000    0    0    0]
 [   0    0    0    0    0    0    0 4000    0    0]
 [   0    0    0    0    0    0    0    0 4000    0]
 [   0    0    0    0    0    0    0    0    0 4000]]

validation confusion matrix:
 [[890   8  22   9   8   3   6   4  39  11]
 [  9 931   3   2   0   0   4   2   9  40]
 [ 39   2 802  34  49  28  25  12   8   1]
 [ 13   1  43 718  36 130  29  18   7   5]
 [ 15   1  37  29 843  20  18  28   7   2]
 [  7   1  41 132  31 760  13  15   0   0]
 [ 11   3  34  29  17  17 882   0   5   2]
 [  8   0  23  25  33  32   4 867   4   4]
 [ 24  12   7   6   3   1   1   4 925  17]
 [ 18  42   3   5   5   2   2   3  18 902]]