training confusion matrix:
 [[ 601  297    3    5    7  328   87  109 2551   12]
 [  42 3348    3    5    4   83   84  105  306   20]
 [ 494  140    8   29   22 1616  968  366  333   24]
 [ 188  194    9   26   14 2569  726  181   77   16]
 [ 217  166    1   24   34  705 1878  782  164   29]
 [ 103  141    2   20   12 2946  396  331   34   15]
 [  87  171    2   17    7  418 3162   55   77    4]
 [ 133  336    2    6   12  637  212 2564   80   18]
 [ 379  380    3    2    4  166   96   26 2938    6]
 [ 100 3059    0    3    8  167  131  146  363   23]]

validation confusion matrix:
 [[147  71   1   2   1  89  26  25 634   4]
 [ 15 814   0   2   1  21  25  30  90   2]
 [132  32   2   6   1 417 249  87  72   2]
 [ 53  42   2   8   1 630 194  50  17   3]
 [ 59  40   1   5  10 172 478 180  45  10]
 [ 36  33   1   0   3 726  94  91  11   5]
 [ 15  48   0   5   6 120 760  16  29   1]
 [ 34  87   0   0   2 197  52 597  26   5]
 [ 96  86   1   1   4  46  27   7 731   1]
 [ 24 757   0   1   1  28  34  45 107   3]]