training confusion matrix:
 [[3992    0    0    3    0    1    1    0    1    2]
 [   0 3997    0    0    0    0    2    0    1    0]
 [   6    3 3974    6    2    3    3    0    3    0]
 [   1    0    1 3983    1    7    5    0    2    0]
 [   0    0    1    6 3988    2    1    1    1    0]
 [   1    0    0   11    2 3982    0    3    1    0]
 [   0    0    3    1    1    0 3995    0    0    0]
 [   2    0    0    2    0    2    1 3992    1    0]
 [   1    2    0    0    0    0    0    0 3997    0]
 [   0    4    0    1    0    1    1    0    1 3992]]

validation confusion matrix:
 [[885  10  24  10   9   4   2   4  44   8]
 [  6 941   3   2   1   2   4   0  11  30]
 [ 42   1 783  39  37  35  39  12  11   1]
 [ 19   3  40 742  22 112  32  13  11   6]
 [ 13   1  30  35 810  29  30  36  13   3]
 [  7   1  22 115  25 792  10  24   3   1]
 [  6   3  28  28   8  10 911   4   1   1]
 [ 10   0  18  33  30  40   4 859   3   3]
 [ 28   7   6   4   0   0   1   0 947   7]
 [ 21  43   3   2   3   1   2   2  18 905]]