training confusion matrix:
 [[3072   83  118   59   53   41   29   68  334  143]
 [  62 3513    9   26   15   14   29   21   84  227]
 [ 274   30 2271  219  399  266  287  136   75   43]
 [  73   35  245 2221  164  710  324  121   55   52]
 [ 151   18  232  144 2725  113  228  290   64   35]
 [  31   20  182  537  150 2680  136  182   38   44]
 [  25   21  139  136  156   51 3395   29   23   25]
 [  49   20   80  119  192  175   43 3229   27   66]
 [ 162  135   44   28   18   35   21   15 3471   71]
 [ 104  332   28   46   18   24   47   59   98 3244]]

validation confusion matrix:
 [[708  23  34  17  17  15   7  22 113  44]
 [ 26 786   3  11   8   2  15   8  34 107]
 [ 78   8 479  70 133  70  85  40  23  14]
 [ 24  11  88 396  63 231 108  41  18  20]
 [ 46   6  73  42 597  32  70 104  16  14]
 [ 16   4  69 161  51 560  45  72  12  10]
 [  8  16  44  58  61  23 754  12   7  17]
 [ 17   2  32  41  64  64  18 724  10  28]
 [ 77  46  15  10   7   8  15  10 778  34]
 [ 38 135   8   7   6  10  17  24  38 717]]