training confusion matrix:
 [[3509   35   83   49   40   20   17   26  141   80]
 [  42 3696   12   38   20    9    9   11   54  109]
 [ 117   10 3142  107  228  132  132   74   32   26]
 [  46   19  122 3171  117  278  144   43   26   34]
 [  69   16  177  136 3190   83  119  148   46   16]
 [  21   13  128  266  130 3257   79   65   25   16]
 [  23    8   96  125  148   47 3488   14   27   24]
 [  33   12   78   94  176   78   17 3476   10   26]
 [  78   62   24   18   27   13   21   11 3715   31]
 [  80  132   24   50   22   29   31   21   52 3559]]

validation confusion matrix:
 [[699  20  44  26  32  12  10  16 104  37]
 [ 39 733   9  15   8  14  16  12  45 109]
 [ 60  12 506  92 121  69  73  36  19  12]
 [ 22   7  83 434  67 209  96  43  22  17]
 [ 39  10 100  53 584  43  64  81  19   7]
 [ 17   4  82 168  60 542  48  61  11   7]
 [ 11  14  50  88  73  37 691   8   6  22]
 [ 23   7  52  60  90  76  16 641   8  27]
 [ 76  33  16  20  11  11  13   4 779  37]
 [ 43 135  16  13   9  15  17  29  45 678]]