training confusion matrix:
 [[4000    0    0    0    0    0    0    0    0    0]
 [   0 4000    0    0    0    0    0    0    0    0]
 [   0    0 4000    0    0    0    0    0    0    0]
 [   0    0    0 4000    0    0    0    0    0    0]
 [   0    0    0    0 4000    0    0    0    0    0]
 [   0    0    0    0    0 4000    0    0    0    0]
 [   0    0    0    0    0    0 4000    0    0    0]
 [   0    0    0    0    0    0    0 4000    0    0]
 [   0    0    0    0    0    0    0    0 4000    0]
 [   0    0    0    0    0    0    0    0    0 4000]]

validation confusion matrix:
 [[771  14  40  17  24  16   9  13  63  33]
 [ 32 783  18  17   8   8  12   7  23  92]
 [ 57   4 568  74  96  70  66  37  15  13]
 [ 32   9  78 487  67 184  88  36  13   6]
 [ 35   1  72  50 624  53  71  73  10  11]
 [ 10   3  57 178  56 593  40  48   7   8]
 [ 11   8  49  53  47  43 755  16   4  14]
 [ 17   2  28  54  61  71  17 720   7  23]
 [ 71  34  16  17  12  11   8   8 785  38]
 [ 41 114   8  11  10   7  13  17  26 753]]