training confusion matrix:
 [[500   0   0   0   0   0   0   0   0   0]
 [  0 500   0   0   0   0   0   0   0   0]
 [  0   0 500   0   0   0   0   0   0   0]
 [  0   0   0 500   0   0   0   0   0   0]
 [  0   0   0   0 500   0   0   0   0   0]
 [  0   0   0   0   0 500   0   0   0   0]
 [  0   0   0   0   0   0 500   0   0   0]
 [  0   0   0   0   0   0   0 500   0   0]
 [  0   0   0   0   0   0   0   0 500   0]
 [  0   0   0   0   0   0   0   0   0 500]]

validation confusion matrix:
 [[825  19  26  14  17   4   2   6  69  18]
 [ 18 846   3   9   6   2   1   5  32  78]
 [ 87   4 612  66  88  48  45  25  13  12]
 [ 33   9  59 581  58 150  54  26  19  11]
 [ 28   5  48  52 706  30  37  81   8   5]
 [ 13   2  46 164  43 664  22  33   8   5]
 [ 14   7  29  55  28  20 828  12   3   4]
 [ 13   3  37  47  50  57   5 770   7  11]
 [ 68  23   5  11   1   3   6   1 858  24]
 [ 28  65   8  14   6   2   4  13  37 823]]