training confusion matrix:
 [[500   0   0   0   0   0   0   0   0   0]
 [  0 500   0   0   0   0   0   0   0   0]
 [  0   0 500   0   0   0   0   0   0   0]
 [  0   0   0 500   0   0   0   0   0   0]
 [  0   0   0   0 500   0   0   0   0   0]
 [  0   0   0   0   0 500   0   0   0   0]
 [  0   0   0   0   0   0 500   0   0   0]
 [  0   0   0   0   0   0   0 500   0   0]
 [  0   0   0   0   0   0   0   0 500   0]
 [  0   0   0   0   0   0   0   0   0 500]]

validation confusion matrix:
 [[721  21  48  24  11  12   5  20  79  59]
 [ 25 764   7  30   5   9  10   8  20 122]
 [ 87  11 497  87 111  73  58  44  13  19]
 [ 33  15 103 437  60 184  67  48  27  26]
 [ 30   7  85  92 566  49  45 104  16   6]
 [ 16   6  77 204  49 532  19  68  18  11]
 [ 16   7  53  93  60  37 700  12  11  11]
 [ 19  11  42  61  52  63   7 720   5  20]
 [ 79  47  11  26   3  12   4  10 765  43]
 [ 35  98  12  19   4  11   7  20  38 756]]