training confusion matrix:
 [[1440    0    0    0    0    0    0    0    0    0]
 [   0 1439    0    0    0    0    0    0    0    1]
 [   0    1 1439    0    0    0    0    0    0    0]
 [   0    0    0 1200    0    0    0    0    0    0]
 [   0    0    0    0 1200    0    0    0    0    0]
 [   0    0    0    0    0  960    0    0    0    0]
 [   0    0    0    0    0    0 1200    0    0    0]
 [   0    0    0    0    0    0    0 1440    0    0]
 [   0    0    0    0    0    0    0    0 1200    0]
 [   0    0    0    0    0    0    0    0    0 1440]]

validation confusion matrix:
 [[499   1  11  18   1  15  25   0  17  13]
 [  0 570   2   1   0  19   0   0   2   6]
 [  6   3 490   9  11  14  54   6   6   1]
 [ 20   0  13 332  30  10  32  20  43   0]
 [  0   0   2  10 475   0   4   8   1   0]
 [  5   8  16  12   0 330  12   0  15   2]
 [ 25   0  42  21   2  11 379   4  16   0]
 [  0   0   2   7   3   0   2 584   2   0]
 [ 32   9   9  39   4  24   9   0 371   3]
 [  4   7   0   0   0   0   0   0   0 589]]