training confusion matrix:
 [[1387    5    9    1    0   28    2    0    4    4]
 [   0 1408    2    0    0   27    0    0    1    2]
 [   0    4 1410    0    0   18    4    1    1    2]
 [   0    0    2 1179    0    4    0    2   13    0]
 [   0    0    0    0 1200    0    0    0    0    0]
 [   1    7    8    0    0  938    0    0    6    0]
 [   1    0   10    0    0   14 1171    2    2    0]
 [   0    0    0    0    0    0    0 1440    0    0]
 [   0    6    0    2    0    4    0    0 1188    0]
 [   0   17    0    0    0    1    0    0    2 1420]]

validation confusion matrix:
 [[495   2  18  11   0  20  30   0  15   9]
 [  0 555   1   0   0  38   1   0   2   3]
 [  5   1 446  27   7  20  55  20  18   1]
 [ 22   0  27 296  26  12  29  17  71   0]
 [  0   0   9  12 460   0   4  13   2   0]
 [  5   7  13   3   0 340  14   1  16   1]
 [ 25   1  63  17  10  18 338   6  22   0]
 [  0   0  14   9  11   0   5 559   2   0]
 [ 20   7  12  51   4  23   4   2 377   0]
 [  4  11   0   0   0   5   0   0   7 573]]