training confusion matrix:
 [[1419    6    4    0    0    4    4    0    0    3]
 [   0 1434    4    0    0    1    0    0    0    1]
 [   0    0 1433    0    0    4    3    0    0    0]
 [   0    0    0 1200    0    0    0    0    0    0]
 [   0    0    0    0 1200    0    0    0    0    0]
 [   0    3    8    0    0  949    0    0    0    0]
 [   3    1   10    0    0    0 1186    0    0    0]
 [   0    0    0    0    1    0    0 1439    0    0]
 [   0    1    0    0    0    1    0    0 1197    1]
 [   0    2    0    0    0    0    0    0    1 1437]]

validation confusion matrix:
 [[569   3   4   0   0   8  12   0   3   1]
 [  0 596   1   0   0   3   0   0   0   0]
 [  0   1 586   0   0   6   7   0   0   0]
 [  1   0   6 464  19   0   1   5   4   0]
 [  0   0   2   1 492   0   1   3   1   0]
 [  5   3   7   0   0 383   1   0   0   1]
 [ 13   0  35   1   0   0 450   0   1   0]
 [  0   0   2   0   3   0   1 594   0   0]
 [  6   0   0   6   1   2   1   0 482   2]
 [  0   0   0   0   0   0   0   0   4 596]]