training confusion matrix:
 [[3997    1    0    0    0    0    0    0    0    2]
 [   0 3998    0    1    0    1    0    0    0    0]
 [   2    1 3981    7    1    5    2    1    0    0]
 [   1    0    5 3985    0    3    5    1    0    0]
 [   1    0    3    7 3986    1    1    1    0    0]
 [   2    1    2    5    2 3985    1    1    1    0]
 [   1    0    5    2    2    0 3990    0    0    0]
 [   2    0    1    2    0    0    0 3995    0    0]
 [   0    1    1    0    0    0    0    2 3996    0]
 [   1    2    0    1    0    1    1    0    1 3993]]

validation confusion matrix:
 [[889   6  36  10   8   5   7   7  27   5]
 [  5 953   1   4   2   2   5   0   5  23]
 [ 40   1 809  35  44  24  28  12   6   1]
 [ 19   1  42 760  25  95  28  17   9   4]
 [ 10   2  33  32 846  16  18  36   4   3]
 [  9   0  31 116  30 765  10  31   4   4]
 [  9   4  31  21  14  14 898   3   3   3]
 [  5   1  19  28  43  20   1 875   3   5]
 [ 39  13   8   5   2   2   5   1 913  12]
 [ 22  54   3   3   2   1   1   5  12 897]]