training confusion matrix:
 [[500   0   0   0   0   0   0   0   0   0]
 [  0 500   0   0   0   0   0   0   0   0]
 [  0   0 500   0   0   0   0   0   0   0]
 [  0   0   0 500   0   0   0   0   0   0]
 [  0   0   0   0 500   0   0   0   0   0]
 [  0   0   0   0   0 500   0   0   0   0]
 [  0   0   0   0   0   0 500   0   0   0]
 [  0   0   0   0   0   0   0 500   0   0]
 [  0   0   0   0   0   0   0   0 500   0]
 [  0   0   0   0   0   0   0   0   0 500]]

validation confusion matrix:
 [[790  21  41   7  19  12   8  11  65  26]
 [ 15 836   5   3   6   3   7   3  26  96]
 [ 64   7 659  46  67  54  62  29   8   4]
 [ 20   9  58 523  74 217  61  22   7   9]
 [ 27   5  44  35 719  42  52  68   8   0]
 [ 12   1  43 134  49 704  19  32   5   1]
 [  7   5  45  30  26  20 857   3   6   1]
 [ 15   3  36  37  50  67  10 768   5   9]
 [ 73  34  17   8   7   1   8   2 819  31]
 [ 29  74   5  12   3   3   6  19  28 821]]