training confusion matrix:
 [[497   0   0   0   0   0   0   0   2   1]
 [  0 499   0   0   0   0   0   0   1   0]
 [  2   0 494   0   2   0   1   0   1   0]
 [  0   0   2 496   1   0   1   0   0   0]
 [  0   0   3   1 496   0   0   0   0   0]
 [  0   0   2   5   0 491   0   1   0   1]
 [  0   0   0   0   1   0 499   0   0   0]
 [  1   0   0   0   3   0   0 495   1   0]
 [  0   0   0   0   1   0   0   0 499   0]
 [  0   0   0   1   0   0   0   0   2 497]]

validation confusion matrix:
 [[632  39  51  30  10  11  13  18 139  57]
 [ 38 698  14  31   5   7  11   9  44 143]
 [ 84  32 436  87 110  85  70  44  29  23]
 [ 31  20 100 403  73 167  87  46  32  41]
 [ 36   9 112  86 465  54  91  94  40  13]
 [ 22   9 102 241  58 442  33  60  20  13]
 [ 17  17  62  83  64  35 670  16  12  24]
 [ 29  16  49  76  67  57  29 605  12  60]
 [ 87  73  11  17  13  15   7  15 713  49]
 [ 47 168  15  32  13  14  16  18  57 620]]