training confusion matrix:
 [[500   0   0   0   0   0   0   0   0   0]
 [  0 500   0   0   0   0   0   0   0   0]
 [  0   0 500   0   0   0   0   0   0   0]
 [  0   0   0 500   0   0   0   0   0   0]
 [  0   0   0   0 500   0   0   0   0   0]
 [  0   0   0   0   0 500   0   0   0   0]
 [  0   0   0   0   0   0 500   0   0   0]
 [  0   0   0   0   0   0   0 500   0   0]
 [  0   0   0   0   0   0   0   0 500   0]
 [  0   0   0   0   0   0   0   0   0 500]]

validation confusion matrix:
 [[702  15  36  37  25  11   7  21 101  45]
 [ 27 762   9  24   8   9  13  11  33 104]
 [101   7 457 100 113  76  65  47  20  14]
 [ 32   6  62 477  64 197  83  38  16  25]
 [ 27   2  64  80 610  40  70  84  15   8]
 [ 22   9  54 189  64 555  25  48  21  13]
 [ 12  12  34  64  55  50 744  15  10   4]
 [ 22   4  35  48  78  75  15 700   6  17]
 [ 82  35  12  20   7   7   3   8 796  30]
 [ 34 110   9  27   7  11   8  21  57 716]]