training confusion matrix:
 [[20  0  0  0  0  0  0  0  0  0]
 [ 0 20  0  0  0  0  0  0  0  0]
 [ 0  0 20  0  0  0  0  0  0  0]
 [ 0  0  0 20  0  0  0  0  0  0]
 [ 0  0  0  0 20  0  0  0  0  0]
 [ 0  0  0  0  0 20  0  0  0  0]
 [ 0  0  0  0  0  0 20  0  0  0]
 [ 0  0  0  0  0  0  0 20  0  0]
 [ 0  0  0  0  0  0  0  0 20  0]
 [ 0  0  0  0  0  0  0  0  0 20]]

validation confusion matrix:
 [[496  35 134  43  26  20  25  15 174  32]
 [ 33 648   9  28  15  11  30  19  65 142]
 [101   9 329 109 146  96 138  50  12  10]
 [ 40  15  75 393 101 181 139  34   5  17]
 [ 55   4  48  89 484  52 130 109  10  19]
 [ 20   6  50 268  93 424  73  49   4  13]
 [ 32  12  65  75  67  51 676   9   6   7]
 [ 33  12  45  86 103  95  37 561   3  25]
 [130  78  23  29  26   9  15   3 623  64]
 [ 62 198  13  33  20  16  15  18  93 532]]