training confusion matrix:
 [[20  0  0  0  0  0  0  0  0  0]
 [ 0 20  0  0  0  0  0  0  0  0]
 [ 0  0 20  0  0  0  0  0  0  0]
 [ 0  0  0 20  0  0  0  0  0  0]
 [ 0  0  0  0 20  0  0  0  0  0]
 [ 0  0  0  0  0 20  0  0  0  0]
 [ 0  0  0  0  0  0 20  0  0  0]
 [ 0  0  0  0  0  0  0 20  0  0]
 [ 0  0  0  0  0  0  0  0 20  0]
 [ 0  0  0  0  0  0  0  0  0 20]]

validation confusion matrix:
 [[315  55 135  42  31  37  30  11 273  71]
 [ 79 339 106  43  40  50  34  24  83 202]
 [ 75  22 260  90 207  73 114  46  78  35]
 [ 48  49 118 140 157 182 150  51  32  73]
 [ 52  26 164  65 350  65 167  45  44  22]
 [ 26  54 144 117 116 264 137  40  43  59]
 [  9  44 152  53 220  76 374  22  24  26]
 [ 66  97 130  73 107  84  90 199  59  95]
 [164  47  77  29  38  52   9  11 478  95]
 [ 88 176 122  35  39  73  50  34  99 284]]