training confusion matrix:
 [[20  0  0  0  0  0  0  0  0  0]
 [ 0 20  0  0  0  0  0  0  0  0]
 [ 0  0 20  0  0  0  0  0  0  0]
 [ 0  0  0 20  0  0  0  0  0  0]
 [ 0  0  0  0 20  0  0  0  0  0]
 [ 0  0  0  0  0 20  0  0  0  0]
 [ 0  0  0  0  0  0 20  0  0  0]
 [ 0  0  0  0  0  0  0 20  0  0]
 [ 0  0  0  0  0  0  0  0 20  0]
 [ 0  0  0  0  0  0  0  0  0 20]]

validation confusion matrix:
 [[360  63  64  38  37  51  31  19 296  41]
 [ 56 444  27  26  24  31  66  30 110 186]
 [ 98  47 155  85 199 126 128  65  74  23]
 [ 67  69  43 150 115 237 182  72  17  48]
 [ 60  30 102  55 338 100 158 108  33  16]
 [ 44  70  43 109 135 346 127  80  17  29]
 [ 32  71  40  49 161  92 469  35  10  41]
 [ 62 100  25  62  80 109 102 370  23  67]
 [164  83  22  22  25  57  18  14 545  50]
 [ 90 254  26  27  22  43  44  46 112 336]]