training confusion matrix:
 [[3482    8    0    0   43    2   18   87  227  133]
 [ 322 2229    1    0   19    2   40   50  180 1157]
 [1027    5   37    2 1843   49  364  420  135  118]
 [ 629   10   70    6  612  625  690  731  223  404]
 [ 376    4    9    0 2344   13  317  793   75   69]
 [ 421    8   72    6  561 1122  321 1034  139  316]
 [ 131    7    3    1  192   12 3449   88   37   80]
 [  99    0    2    0  126   16   35 3603   37   82]
 [ 421   23    1    0   20    0   21   28 3363  123]
 [ 193   36    1    0   15    0   17   71   80 3587]]

validation confusion matrix:
 [[833   4   3   0  11   3   8  25  71  42]
 [ 91 474   0   0   5   1  23  20  65 321]
 [254   4  12   0 428  17 115 107  30  33]
 [147   5  13   0 175 132 198 205  52  73]
 [106   0   0   0 534   4  85 229  20  22]
 [104   0  11   1 167 267  85 272  34  59]
 [ 51   5   0   0  63   3 798  33  13  34]
 [ 45   1   1   1  41   6  17 844  11  33]
 [139   3   0   0   8   1  10  16 774  49]
 [ 72  28   0   0   4   1   9  28  41 817]]