training confusion matrix:
 [[ 540 3459    0    0    0    0    1    0    0    0]
 [   1 3999    0    0    0    0    0    0    0    0]
 [ 365 3632    3    0    0    0    0    0    0    0]
 [ 122 3871    0    4    2    0    1    0    0    0]
 [ 135 3856    0    0    8    0    1    0    0    0]
 [ 131 3868    0    0    1    0    0    0    0    0]
 [  46 3950    0    0    1    0    3    0    0    0]
 [ 126 3873    0    0    0    0    0    1    0    0]
 [ 168 3832    0    0    0    0    0    0    0    0]
 [  12 3988    0    0    0    0    0    0    0    0]]

validation confusion matrix:
 [[ 131  869    0    0    0    0    0    0    0    0]
 [   0 1000    0    0    0    0    0    0    0    0]
 [  97  903    0    0    0    0    0    0    0    0]
 [  26  972    0    2    0    0    0    0    0    0]
 [  18  981    0    0    1    0    0    0    0    0]
 [  37  962    0    0    0    1    0    0    0    0]
 [  11  986    0    0    0    0    2    1    0    0]
 [  45  955    0    0    0    0    0    0    0    0]
 [  42  958    0    0    0    0    0    0    0    0]
 [   5  995    0    0    0    0    0    0    0    0]]