training confusion matrix:
 [[4000    0    0    0    0    0    0    0    0    0]
 [   0 4000    0    0    0    0    0    0    0    0]
 [   0    0 4000    0    0    0    0    0    0    0]
 [   0    0    0 4000    0    0    0    0    0    0]
 [   0    0    0    0 4000    0    0    0    0    0]
 [   0    0    0    0    0 4000    0    0    0    0]
 [   0    0    0    0    0    0 4000    0    0    0]
 [   0    0    0    0    0    0    0 4000    0    0]
 [   0    0    0    0    0    0    0    0 4000    0]
 [   0    0    0    0    0    0    0    0    0 4000]]

validation confusion matrix:
 [[800  18  26  22  18   8   8  16  56  28]
 [ 14 869   7   9   6   2  10   4  12  67]
 [ 60   5 620  71  94  52  56  17  14  11]
 [ 25   8  54 536  79 171  71  38  11   7]
 [ 26   3  48  47 711  31  46  76   6   6]
 [ 13   4  40 161  54 639  32  44   5   8]
 [  6   8  45  51  36  34 801   7   3   9]
 [ 10   1  26  48  50  47   7 795   5  11]
 [ 59  25  13  11   8   9   5   6 843  21]
 [ 22  83   6  10   7   8   6  14  25 819]]