training confusion matrix:
 [[3457   49   95   44   43   46   30   45  128   63]
 [  44 3656   11   24   16   10   26   20   64  129]
 [ 138   13 2991  124  318  133  147   80   34   22]
 [  49   17  167 2984  136  347  167   80   25   28]
 [  70   14  263  127 3045   82  183  165   36   15]
 [  35   10  146  354  151 3097   71  106   12   18]
 [  27   20  113  129  159   53 3439   23   17   20]
 [  42   15   90  117  166  118   51 3350   15   36]
 [ 125   71   31   33   24   18   16    6 3610   66]
 [  67  169   26   52   17   28   38   33   68 3502]]

validation confusion matrix:
 [[704  23  59  19  19  18  10  23  89  36]
 [ 26 730   4  16  11  10  22   9  41 131]
 [ 65   8 515  87 101  82  79  28  23  12]
 [ 25  10  87 447  67 185  87  49  22  21]
 [ 40   8 110  58 566  44  65  88  10  11]
 [ 13   5  84 166  67 551  43  59   6   6]
 [ 11  16  58  64  70  39 698  13  12  19]
 [ 18   9  35  62  82  68  15 675   7  29]
 [ 97  34  16  12  12  10  13  11 761  34]
 [ 52 132  10  14   6  18  15  29  37 687]]