training confusion matrix:
 [[   0    0    0    0    0    0    0    0    0 4000]
 [   0    0    0    0    0    0    0    0    0 4000]
 [   0    0    0    0    0    0    0    0    0 4000]
 [   0    0    0    0    0    0    0    0    0 4000]
 [   0    0    0    0    0    0    0    0    0 4000]
 [   0    0    0    0    0    0    0    0    0 4000]
 [   0    0    0    0    0    0    0    0    0 4000]
 [   0    0    0    0    0    0    0    0    0 4000]
 [   0    0    0    0    0    0    0    0    0 4000]
 [   0    0    0    0    0    0    0    0    0 4000]]

validation confusion matrix:
 [[   0    0    0    0    0    0    0    0    0 1000]
 [   0    0    0    0    0    0    0    0    0 1000]
 [   0    0    0    0    0    0    0    0    0 1000]
 [   0    0    0    0    0    0    0    0    0 1000]
 [   0    0    0    0    0    0    0    0    0 1000]
 [   0    0    0    0    0    0    0    0    0 1000]
 [   0    0    0    0    0    0    0    0    0 1000]
 [   0    0    0    0    0    0    0    0    0 1000]
 [   0    0    0    0    0    0    0    0    0 1000]
 [   0    0    0    0    0    0    0    0    0 1000]]