training confusion matrix:
 [[3991    0    2    4    1    1    1    0    0    0]
 [ 165 3827    1    2    0    0    0    1    3    1]
 [ 406    0 3434   22  109   24    4    1    0    0]
 [ 216    0   47 3504   83  135   11    2    1    1]
 [ 114    0   27    9 3836   11    0    2    1    0]
 [  89    0   27   65   46 3771    2    0    0    0]
 [ 127    3  118  113  221   69 3346    0    0    3]
 [ 174    0   20   19  118   25    1 3643    0    0]
 [ 876    4    6    4   15    3    2    0 3087    3]
 [ 372   16    9    8   13    8    1    0    5 3568]]

validation confusion matrix:
 [[906   7  13  14  16   9   3   5  16  11]
 [116 710  10  13  16  10   8   3  36  78]
 [159   8 502  69 137  63  36  13   8   5]
 [ 90  11  86 437  97 210  36  19   7   7]
 [ 89   5  69  39 667  51  23  47   6   4]
 [ 55   5  78 134  73 611   9  24   5   6]
 [ 55  15  78  82 110  55 581   8   5  11]
 [ 69   2  33  37 122  84   4 635   1  13]
 [310  24  12  15  13   8   7   5 592  14]
 [181 102   7  19  15  25   8  13  24 606]]