training confusion matrix:
 [[3181   69  151   80   63   26   20   42  255  113]
 [  73 3459   15   26   18   12   28   25  107  237]
 [ 183   27 2646  201  323  190  212  103   68   47]
 [  63   22  233 2684  159  391  260   74   64   50]
 [  86   20  256  166 2865  101  184  247   55   20]
 [  32   20  206  482  188 2744  126  140   30   32]
 [  16   30  141  167  152   65 3354   27   17   31]
 [  34   17  103  119  200  119   32 3299   31   46]
 [ 174  101   49   52   23   15   21   13 3462   90]
 [  83  281   35   39   14   26   46   55  109 3312]]

validation confusion matrix:
 [[718  21  42  21  18  10  10  12 105  43]
 [ 29 753   3  15  13   6  17   4  40 120]
 [ 63  12 492  94 122  71  81  26  18  21]
 [ 23  12  90 440  85 194  81  40  15  20]
 [ 28  10  94  50 593  37  76  89  14   9]
 [ 13   6  69 168  71 559  39  55   9  11]
 [  3  16  53  59  53  27 751  11   8  19]
 [ 12   4  40  47  86  68   8 698  12  25]
 [ 71  36   8  17  15   9  13  10 779  42]
 [ 39 128  11  20  10  10  16  22  40 704]]