training confusion matrix:
 [[4000    0    0    0    0    0    0    0    0    0]
 [   0 4000    0    0    0    0    0    0    0    0]
 [   0    0 4000    0    0    0    0    0    0    0]
 [   0    0    0 4000    0    0    0    0    0    0]
 [   0    0    0    0 4000    0    0    0    0    0]
 [   0    0    0    0    0 4000    0    0    0    0]
 [   0    0    0    0    0    0 4000    0    0    0]
 [   0    0    0    0    0    0    0 4000    0    0]
 [   0    0    0    0    0    0    0    0 4000    0]
 [   0    0    0    0    0    0    0    0    0 4000]]

validation confusion matrix:
 [[747  21  39  29  11   7  11  10  85  40]
 [ 32 782  10   7   7   9  16   6  30 101]
 [ 66  10 554  90  91  59  71  37  11  11]
 [ 25   9  70 508  68 168  89  37  18   8]
 [ 28  14  69  69 637  36  51  81   9   6]
 [ 17   5  60 180  61 580  32  48   9   8]
 [ 12  17  48  75  53  28 731  13   9  14]
 [ 20   3  22  60  72  50  11 732   6  24]
 [ 66  35  16  22   9   5   9   8 799  31]
 [ 37 107   9   8   8   9  10  16  27 769]]