training confusion matrix:
 [[4000    0    0    0    0    0    0    0    0    0]
 [   0 4000    0    0    0    0    0    0    0    0]
 [   0    0 4000    0    0    0    0    0    0    0]
 [   0    0    0 4000    0    0    0    0    0    0]
 [   0    0    0    0 4000    0    0    0    0    0]
 [   0    0    0    0    0 4000    0    0    0    0]
 [   0    0    0    0    0    0 4000    0    0    0]
 [   0    0    0    0    0    0    0 4000    0    0]
 [   0    0    0    0    0    0    0    0 4000    0]
 [   0    0    0    0    0    0    0    0    0 4000]]

validation confusion matrix:
 [[837   9  37  17  12   6   5  10  49  18]
 [  5 919   4   7   2   3   4   3  16  37]
 [ 40   2 744  45  65  38  44  10  10   2]
 [ 21   2  53 659  41 124  55  29   7   9]
 [ 12   1  44  40 786  21  31  55   6   4]
 [  8   1  54 106  29 734  18  43   2   5]
 [  6   7  34  33  28  19 862   4   3   4]
 [  6   2  19  36  38  28   7 856   1   7]
 [ 38  13   6   4   3   1   4   4 915  12]
 [ 22  56   5   8   3   6   5   5  10 880]]