training confusion matrix:
 [[2398    2    0    0    0    0    0    0    0    0]
 [   0 2398    0    0    0    0    0    0    0    2]
 [   0    0 2400    0    0    0    0    0    0    0]
 [   0    0    0 2000    0    0    0    0    0    0]
 [   0    0    0    0 2000    0    0    0    0    0]
 [   0    0    0    0    0 1600    0    0    0    0]
 [   0    0    0    0    0    0 2000    0    0    0]
 [   0    0    0    0    0    0    0 2400    0    0]
 [   0    0    0    0    0    0    0    0 2000    0]
 [   0    0    0    0    0    0    0    0    0 2400]]

validation confusion matrix:
 [[509   1  14  16   0  13  22   0  17   8]
 [  0 575   4   1   0  16   1   0   1   2]
 [  7   3 458  16  15  14  56  16  14   1]
 [ 17   0  20 342  26   7  36  19  33   0]
 [  0   0   4   7 477   0   1  10   1   0]
 [  9  10  21   3   0 334   6   2  14   1]
 [ 23   0  49  25   5  12 369   9   8   0]
 [  0   0   7   4   8   0   5 576   0   0]
 [ 22   7  11  46   6  18   4   0 385   1]
 [  1   1   0   0   0   2   0   0   2 594]]