training confusion matrix:
 [[5000    0    0    0    0    0    0    0    0    0]
 [   0 5000    0    0    0    0    0    0    0    0]
 [   0    0 5000    0    0    0    0    0    0    0]
 [   0    0    0 5000    0    0    0    0    0    0]
 [   0    0    0    0 5000    0    0    0    0    0]
 [   0    0    0    0    0 5000    0    0    0    0]
 [   0    0    0    0    0    0 5000    0    0    0]
 [   0    0    0    0    0    0    0 5000    0    0]
 [   0    0    0    0    0    0    0    0 5000    0]
 [   0    0    0    0    0    0    0    0    0 5000]]

validation confusion matrix:
 [[799  16  42  13  12   8  11  10  62  27]
 [ 16 830  10  12   8   8   8   8  27  73]
 [ 58   6 622  67  96  45  54  29  14   9]
 [ 25  14  62 555  61 151  68  30  13  21]
 [ 18   6  64  60 687  50  48  53  10   4]
 [ 10   7  38 172  58 620  39  38  10   8]
 [ 12   4  35  54  32  27 812   7   8   9]
 [ 12   1  23  48  58  40   9 784   6  19]
 [ 57  32  15  10   7   5   6   6 842  20]
 [ 34  83   5  20  11  11   6  15  29 786]]