training confusion matrix:
 [[3899    6   42    3    3    2    1    6   35    3]
 [   0 3990    1    1    0    1    0    0    3    4]
 [  17    0 3922   15   17    8    5   10    5    1]
 [   6    0   36 3876   10   36   13   16    6    1]
 [   3    0  112   23 3757    8    5   90    2    0]
 [   1    0   21   54    9 3896    1   17    1    0]
 [   3    1   56   26   10   12 3887    1    4    0]
 [   2    0    3    8    5    2    0 3979    0    1]
 [   7    3    3    1    1    1    1    0 3979    4]
 [   1    6    3    0    0    0    0    2   13 3975]]

validation confusion matrix:
 [[693  26  64  20  17  15   7  21  96  41]
 [ 22 783  14  13   7   9   6   8  36 102]
 [ 50   9 605  78  79  56  49  38  25  11]
 [ 24  12 118 468  46 178  61  68  11  14]
 [ 23  11 132  60 532  33  43 141  14  11]
 [ 14   3  94 163  35 561  31  80  12   7]
 [  4  19  78  87  53  42 682  15  11   9]
 [ 16   6  30  51  58  38   8 772   3  18]
 [ 50  38  19  11  13   7   7   8 809  38]
 [ 30 118   9  13  12  12   4  29  41 732]]