training confusion matrix:
 [[2398    2    0    0    0    0    0    0    0    0]
 [   0 2400    0    0    0    0    0    0    0    0]
 [   0    0 2400    0    0    0    0    0    0    0]
 [   0    0    0 2000    0    0    0    0    0    0]
 [   0    0    0    0 2000    0    0    0    0    0]
 [   0    0    0    0    0 1600    0    0    0    0]
 [   0    0    0    0    0    0 2000    0    0    0]
 [   0    0    0    0    0    0    0 2400    0    0]
 [   0    0    0    0    0    0    0    0 2000    0]
 [   0    0    0    0    0    0    0    0    0 2400]]

validation confusion matrix:
 [[516   1  11   8   1  19  22   0  11  11]
 [  0 574   5   0   0  14   0   0   1   6]
 [  7   1 489  14  10  14  55   3   4   3]
 [ 16   0  19 343  28   7  30  16  40   1]
 [  0   0   6   8 472   0   3   9   2   0]
 [  3  11  16   7   0 334  12   0  15   2]
 [ 21   0  51  16   2  12 389   2   7   0]
 [  0   0   0   7   3   0   0 589   1   0]
 [ 23   9  10  41   5  24   7   1 379   1]
 [  4   0   0   0   0   0   0   0   1 595]]