training confusion matrix:
 [[  54   62   17    2    0    0  467    9 3389    0]
 [ 161  169   35    0    0    0 1681   23 1931    0]
 [ 108  120   21    1    0    0 2690   10 1050    0]
 [  94  118   28    1    0    0 3126   27  606    0]
 [  88   75   23    1    0    0 3169   21  623    0]
 [  98   93   16    2    0    0 3310   15  466    0]
 [  53   34   11    0    0    0 3679   14  209    0]
 [ 108  130   22    1    0    0 3207   21  511    0]
 [  48   51   13    0    0    0  206    9 3673    0]
 [ 161  174   34    6    0    0 1685   29 1911    0]]

validation confusion matrix:
 [[ 10  11   1   0   0   0 121   2 855   0]
 [ 42  41   5   1   0   0 432   3 476   0]
 [ 19  19   3   0   0   0 692   5 262   0]
 [ 20  30   6   0   0   0 808   5 131   0]
 [ 20  15   7   0   0   0 785   1 172   0]
 [ 19  22   4   0   0   0 820   6 129   0]
 [ 13  11   5   0   0   0 908   1  62   0]
 [ 26  31   8   0   0   0 803  11 121   0]
 [ 14  10   1   0   0   0  59   4 912   0]
 [ 50  44  14   2   0   0 428   5 457   0]]