training confusion matrix:
 [[4000    0    0    0    0    0    0    0    0    0]
 [   0 4000    0    0    0    0    0    0    0    0]
 [   0    0 4000    0    0    0    0    0    0    0]
 [   0    0    0 4000    0    0    0    0    0    0]
 [   0    0    0    0 4000    0    0    0    0    0]
 [   0    0    0    0    0 4000    0    0    0    0]
 [   0    0    0    0    0    0 4000    0    0    0]
 [   0    0    0    0    0    0    0 4000    0    0]
 [   0    0    0    0    0    0    0    0 4000    0]
 [   0    0    0    0    0    0    0    0    0 4000]]

validation confusion matrix:
 [[881   9  26   8  11   5   8   7  31  14]
 [ 11 931   1   4   1   1   4   1  10  36]
 [ 47   2 782  41  57  20  33  11   6   1]
 [ 11   1  42 714  38 126  38  20   4   6]
 [ 15   0  40  32 827  24  15  41   3   3]
 [  8   3  28 122  35 770  10  21   0   3]
 [ 12   2  33  30  16  10 889   2   2   4]
 [  8   0  17  29  40  32   0 868   3   3]
 [ 42  13   5   3   4   3   3   3 913  11]
 [ 18  39   2   7   3   2   1   6  18 904]]