training confusion matrix:
 [[4000    0    0    0    0    0    0    0    0    0]
 [   0 4000    0    0    0    0    0    0    0    0]
 [   0    0 4000    0    0    0    0    0    0    0]
 [   0    0    0 4000    0    0    0    0    0    0]
 [   0    0    0    0 4000    0    0    0    0    0]
 [   0    0    0    0    0 4000    0    0    0    0]
 [   0    0    0    0    0    0 4000    0    0    0]
 [   0    0    0    0    0    0    0 4000    0    0]
 [   0    0    0    0    0    0    0    0 4000    0]
 [   0    0    0    0    0    0    0    0    0 4000]]

validation confusion matrix:
 [[889   8  21   5  10   7   4   6  35  15]
 [  9 920   0   4   2   0   3   5  15  42]
 [ 48   4 758  37  65  23  39  12   8   6]
 [ 17   2  46 673  39 150  39  18   8   8]
 [  9   3  33  28 840  26  22  31   6   2]
 [  8   0  36 119  30 760  16  27   2   2]
 [ 11   0  27  21  20  15 900   1   2   3]
 [  5   1  16  23  35  36   7 869   3   5]
 [ 24  16   8   6   5   5   5   1 915  15]
 [ 13  44   2   6   2   2   3   4  13 911]]