training confusion matrix:
 [[3859    5   59   12    9    3    2    0   43    8]
 [   3 3973    3    5    0    2    0    0   10    4]
 [  33    3 3849   19   39   25   25    0    7    0]
 [  13    3   87 3663   29  160   36    1    5    3]
 [  14    1  140   35 3739   40   18    3   10    0]
 [   3    1   32   68   21 3867    5    0    2    1]
 [  10    1   77   41   20   22 3821    0    7    1]
 [  10    0   60   38   77   37    2 3767    5    4]
 [  27    7    7    4    4    1    2    0 3940    8]
 [   9   15    6    6    1    2    2    0    9 3950]]

validation confusion matrix:
 [[746  20  56  14  17  13   9   5  78  42]
 [ 25 811  11  11   5   5  15   1  31  85]
 [ 38   3 657  63  78  68  57  14  12  10]
 [ 15  10 101 492  34 234  60  19  15  20]
 [ 25   5 133  48 628  52  46  45  10   8]
 [ 15   5  83 140  41 657  30  17   6   6]
 [  6  15  72  66  40  39 737   3   7  15]
 [ 30   6  68  61 102  85  10 611   5  22]
 [ 69  40  24  12  12  13   6   0 789  35]
 [ 33 111  16  20   9  23  14   7  33 734]]