training confusion matrix:
 [[2900  124  142   34   37   33   53   71  433  173]
 [  75 3368   13   22   16   18   58   23  111  296]
 [ 279   59 2225  173  316  299  327  163  105   54]
 [  78   54  260 1647  142 1009  476  166   77   91]
 [ 145   27  334  141 2186  161  368  493  105   40]
 [  31   29  215  407  137 2640  191  256   44   50]
 [  22   48  117  114  135   87 3392   26   31   28]
 [  25   22   73   86  150  198   47 3266   43   90]
 [ 212  141   37   19   22   47   22   13 3385  102]
 [ 113  429   21   30    7   36   52   52  111 3149]]

validation confusion matrix:
 [[687  37  32   7  12  22  12  21 122  48]
 [ 24 772   5   2   4   5  28   6  46 108]
 [ 72  20 486  51  90  92 102  44  29  14]
 [ 18  14  81 317  53 263 145  59  25  25]
 [ 40  11  88  34 511  46  96 140  21  13]
 [ 12  10  71 100  51 609  63  67   7  10]
 [ 10  20  40  32  39  30 791  14   7  17]
 [ 10   6  22  31  57  70  15 747  10  32]
 [ 70  37   8   5   6  16  15   6 802  35]
 [ 37 142   2  10   4   5  24  20  39 717]]