training confusion matrix:
 [[4000    0    0    0    0    0    0    0    0    0]
 [   0 4000    0    0    0    0    0    0    0    0]
 [   0    0 4000    0    0    0    0    0    0    0]
 [   0    0    0 4000    0    0    0    0    0    0]
 [   0    0    0    0 4000    0    0    0    0    0]
 [   0    0    0    0    0 4000    0    0    0    0]
 [   0    0    0    0    0    0 4000    0    0    0]
 [   0    0    0    0    0    0    0 4000    0    0]
 [   0    0    0    0    0    0    0    0 4000    0]
 [   0    0    0    0    0    0    0    0    0 4000]]

validation confusion matrix:
 [[784  14  40  13  15   9   7  14  75  29]
 [ 18 813  10  13   7   4  13   4  33  85]
 [ 62   8 576  57 114  74  56  23  19  11]
 [ 29  10  82 465  73 185  81  36  19  20]
 [ 33   4  70  43 668  31  53  83  10   5]
 [ 22   6  74 133  73 589  33  47  12  11]
 [ 13  11  52  48  52  35 764   5   5  15]
 [ 13   7  44  54  73  54   8 721   6  20]
 [ 59  32  18  11   8   4   3   6 830  29]
 [ 32 104   4  11   6   8   7  17  32 779]]