training confusion matrix:
 [[20  0  0  0  0  0  0  0  0  0]
 [ 0 20  0  0  0  0  0  0  0  0]
 [ 0  0 20  0  0  0  0  0  0  0]
 [ 0  0  0 20  0  0  0  0  0  0]
 [ 0  0  0  0 20  0  0  0  0  0]
 [ 0  0  0  0  0 20  0  0  0  0]
 [ 0  0  0  0  0  0 20  0  0  0]
 [ 0  0  0  0  0  0  0 20  0  0]
 [ 0  0  0  0  0  0  0  0 20  0]
 [ 0  0  0  0  0  0  0  0  0 20]]

validation confusion matrix:
 [[442  37 144  47  38  11  24  11 211  35]
 [ 17 716   6   8  22  10  31  13  55 122]
 [ 87   5 342  88 219  74 128  22  20  15]
 [ 46  24  65 368 106 189 152  13  10  27]
 [ 38   9  51  77 587  31 106  66  18  17]
 [ 19  10  62 229 124 412  85  41   9   9]
 [ 22  22  50  57 104  33 689   3   9  11]
 [ 31  19  62  54 191  80  42 471  15  35]
 [ 86  65  14  31  35   7  15   3 695  49]
 [ 43 231  11  30  12   6  14   9 104 540]]