training confusion matrix:
 [[20  0  0  0  0  0  0  0  0  0]
 [ 0 20  0  0  0  0  0  0  0  0]
 [ 0  0 20  0  0  0  0  0  0  0]
 [ 0  0  0 20  0  0  0  0  0  0]
 [ 0  0  0  0 20  0  0  0  0  0]
 [ 0  0  0  0  0 20  0  0  0  0]
 [ 0  0  0  0  0  0 20  0  0  0]
 [ 0  0  0  0  0  0  0 20  0  0]
 [ 0  0  0  0  0  0  0  0 20  0]
 [ 0  0  0  0  0  0  0  0  0 20]]

validation confusion matrix:
 [[300  72  58  55  40  28  31  14 354  48]
 [ 33 474  18  49  54  33  48  23  95 173]
 [ 76  37 148 119 231  90 135  54  87  23]
 [ 52  76  47 174 158 195 186  48  24  40]
 [ 49  24 105  55 377  68 183  83  39  17]
 [ 32  69  46 126 148 330 140  60  28  21]
 [ 19  60  61  58 162  58 511  24  16  31]
 [ 40 103  38  75 129  92 109 305  34  75]
 [115 122  24  26  28  30  20  16 558  61]
 [ 46 284  27  30  26  29  62  35 146 315]]