training confusion matrix:
 [[3081   87  135   59   68   47   35   55  286  147]
 [  75 3403   15   36   18   10   43   24  118  258]
 [ 231   28 2461  228  361  243  229  119   68   32]
 [  63   36  246 2388  218  509  316  103   60   61]
 [ 117   13  267  169 2779  125  231  208   55   36]
 [  31   17  196  447  197 2753  137  153   37   32]
 [  17   42  140  136  166   70 3330   37   25   37]
 [  48   23   95  131  262  160   45 3150   34   52]
 [ 174  149   40   47   38   22   21   15 3394  100]
 [  93  294   28   43   28   25   60   41   92 3296]]

validation confusion matrix:
 [[702  25  39  21  23  19  13  19  90  49]
 [ 32 749   6  10   8   8  19  12  50 106]
 [ 67  13 473  75 129  89  77  40  18  19]
 [ 26  10  87 413  73 210 105  40  17  19]
 [ 29   2 100  51 578  35  82  92  17  14]
 [ 13   7  78 153  61 568  50  53   6  11]
 [  8  20  48  50  54  26 744  18  10  22]
 [ 23   3  30  49  94  71  12 682  11  25]
 [ 69  52   8  16  12  10  10   8 773  42]
 [ 40 125  11  11   7  14  22  22  49 699]]