training confusion matrix:
 [[1000    0    0    0    0    0    0    0    0    0]
 [   0 1000    0    0    0    0    0    0    0    0]
 [   0    0 1000    0    0    0    0    0    0    0]
 [   0    0    0 1000    0    0    0    0    0    0]
 [   0    0    0    0 1000    0    0    0    0    0]
 [   0    0    0    0    0 1000    0    0    0    0]
 [   0    0    0    0    0    0 1000    0    0    0]
 [   0    0    0    0    0    0    0 1000    0    0]
 [   0    0    0    0    0    0    0    0 1000    0]
 [   0    0    0    0    0    0    0    0    0 1000]]

validation confusion matrix:
 [[834  20  22  16  14   5   7   7  54  21]
 [ 13 883   4   6   4   2   8   3  14  63]
 [ 68   2 672  48  76  35  59  28   6   6]
 [ 20  10  52 619  56 135  62  27  12   7]
 [ 14   4  38  52 761  31  32  55  11   2]
 [ 13   4  38 169  43 663  21  38   9   2]
 [  4   6  25  39  20  16 880   5   2   3]
 [ 19   2  23  38  48  36   3 823   4   4]
 [ 62  27   6  11   4   5   3   1 858  23]
 [ 19  59   3  10   2   3   5  12  30 857]]