training confusion matrix:
 [[1000    0    0    0    0    0    0    0    0    0]
 [   0 1000    0    0    0    0    0    0    0    0]
 [   0    0 1000    0    0    0    0    0    0    0]
 [   0    0    0 1000    0    0    0    0    0    0]
 [   0    0    0    0 1000    0    0    0    0    0]
 [   0    0    0    0    0 1000    0    0    0    0]
 [   0    0    0    0    0    0 1000    0    0    0]
 [   0    0    0    0    0    0    0 1000    0    0]
 [   0    0    0    0    0    0    0    0 1000    0]
 [   0    0    0    0    0    0    0    0    0 1000]]

validation confusion matrix:
 [[799  23  37  18  15   7   7  12  51  31]
 [ 20 892   3   6   4   5   2   3   8  57]
 [ 76   5 622  47  81  65  56  29   7  12]
 [ 25  13  57 521  71 176  65  39  18  15]
 [ 19   4  54  56 725  33  39  56  12   2]
 [ 17   6  41 154  40 665  23  37   8   9]
 [ 11   5  41  43  30  37 811   6   8   8]
 [ 13   4  27  35  52  49   5 793   3  19]
 [ 56  25  11  11   3   7   9   4 854  20]
 [ 22  61   6   8   3  12   4   7  26 851]]