training confusion matrix:
 [[4000    0    0    0    0    0    0    0    0    0]
 [   0 4000    0    0    0    0    0    0    0    0]
 [   0    0 4000    0    0    0    0    0    0    0]
 [   0    0    0 4000    0    0    0    0    0    0]
 [   0    0    0    0 4000    0    0    0    0    0]
 [   0    0    0    0    0 4000    0    0    0    0]
 [   0    0    0    0    0    0 4000    0    0    0]
 [   0    0    0    0    0    0    0 4000    0    0]
 [   0    0    0    0    0    0    0    0 4000    0]
 [   0    0    0    0    0    0    0    0    0 4000]]

validation confusion matrix:
 [[889   7  21   8  10   7   6   7  36   9]
 [  6 947   1   5   0   0   5   1   6  29]
 [ 41   2 780  42  49  30  30  17   6   3]
 [  9   1  28 729  34 134  34  17   8   6]
 [  5   0  25  26 868  21  19  28   7   1]
 [  6   1  20  97  20 810  10  35   0   1]
 [  6   2  28  20  19  15 902   2   2   4]
 [  3   0  14  23  30  23   2 901   3   1]
 [ 26  12   4   5   3   1   2   2 934  11]
 [ 17  40   1   4   2   3   0   3  19 911]]