training confusion matrix:
 [[4000    0    0    0    0    0    0    0    0    0]
 [   0 4000    0    0    0    0    0    0    0    0]
 [   0    0 4000    0    0    0    0    0    0    0]
 [   0    0    0 4000    0    0    0    0    0    0]
 [   0    0    0    0 4000    0    0    0    0    0]
 [   0    0    0    0    0 4000    0    0    0    0]
 [   0    0    0    0    0    0 4000    0    0    0]
 [   0    0    0    0    0    0    0 4000    0    0]
 [   0    0    0    0    0    0    0    0 4000    0]
 [   0    0    0    0    0    0    0    0    0 4000]]

validation confusion matrix:
 [[870   5  19  10   7   6   9   5  47  22]
 [ 22 912   0   2   3   1   4   2  14  40]
 [ 42   2 767  51  56  26  39  10   5   2]
 [ 13   1  39 727  43 116  24  23   8   6]
 [ 16   0  30  39 839  20  15  34   5   2]
 [  7   3  20 118  29 781  10  29   2   1]
 [ 11   1  32  27  16  13 890   3   4   3]
 [  7   1  18  27  35  31   1 878   2   0]
 [ 29   7   5   2   4   3   1   3 933  13]
 [ 17  46   4   4   3   4   1   8  22 891]]