training confusion matrix:
 [[3373   52  137   44   30   19   21   30  185  109]
 [  34 3737   13   15   11    9   15   10   40  116]
 [ 173   19 3025  119  227  132  177   63   42   23]
 [  30   19  149 2747  103  595  216   59   57   25]
 [  68    8  168  125 3220   82  121  154   37   17]
 [  13    9  112  427  101 3142   62  109   12   13]
 [   9   14   90  141   77   48 3589    7   14   11]
 [  22   14   58   64  113  122   16 3562   11   18]
 [  94   49   23   34   17   12   10    8 3704   49]
 [  48   73   13   27    6   12   14   18   36 3753]]

validation confusion matrix:
 [[747  22  49  21  11   8   8  14  83  37]
 [ 17 868   4   8   2   0  11   2  17  71]
 [ 58   6 618  51  88  66  69  18  13  13]
 [ 12   8  60 491  50 230  79  41  16  13]
 [ 32   6  62  40 669  31  57  86  12   5]
 [  9   0  51 137  55 682  21  37   5   3]
 [  6   6  43  43  33  25 815   6   9  14]
 [  6   1  27  41  60  65   8 772   5  15]
 [ 50  27  11   6   7   4  10   2 861  22]
 [ 24  81   3  11   3  11   9  14  18 826]]