training confusion matrix:
 [[3980    0    7    0    1    0    0    0   12    0]
 [   1 3995    0    0    0    0    0    0    4    0]
 [  13    0 3957    2   22    0    2    0    4    0]
 [   0    0    8 3966   10    9    3    0    4    0]
 [   0    0    6    1 3989    0    2    0    2    0]
 [   0    0    1   12   11 3974    1    0    1    0]
 [   0    0   10    5   18    2 3963    0    2    0]
 [   0    0    2    3   13    0    1 3980    1    0]
 [   2    0    0    0    0    0    0    0 3998    0]
 [   5    1    1    1    0    0    0    0    4 3988]]

validation confusion matrix:
 [[768  16  44  27  23   7   4  11  76  24]
 [ 31 797  11  15  14   5  13   3  42  69]
 [ 55   2 587  80 120  64  50  13  21   8]
 [ 20  10  89 493  78 194  55  33  17  11]
 [ 27   3  82  60 677  40  37  51  17   6]
 [ 18   4  63 193  59 586  26  38  10   3]
 [ 15  18  67  87  67  38 681   7   8  12]
 [ 22   5  44  59  95  64  11 678   5  17]
 [ 70  30  10  20  11  11   4   5 814  25]
 [ 45 122   8  41  13  16   8  16  61 670]]