training confusion matrix:
 [[3918    1   36    6    8    3    3    0   22    3]
 [  23 3953    2    3    2    2    2    0    8    5]
 [  79    1 3783    8   65   19   30    6    6    3]
 [  24    2  127 3496   67  192   60    9   14    9]
 [  39    0  156   16 3719   18   19   27    6    0]
 [   7    2   70   63   50 3781   10   12    3    2]
 [  15    4  115   27   45   23 3762    0    6    3]
 [  15    1   32   13   58   19    1 3853    5    3]
 [  63    5    9    3    6    2    6    0 3901    5]
 [  32   34    7    5    1    3    1    2   17 3898]]

validation confusion matrix:
 [[797  16  29  10  19   9  10  12  72  26]
 [ 29 792   9   8  11  11  10   9  30  91]
 [ 77   4 629  64  72  63  47  19  15  10]
 [ 26  16 110 441  65 206  59  48  13  16]
 [ 31   5 126  31 632  45  43  72   7   8]
 [ 16   9  94 108  55 632  36  37   4   9]
 [ 14  14  73  39  56  37 742   7  10   8]
 [ 25   7  52  39  65  66  12 710   4  20]
 [ 90  36  17  12  10   7   7   6 794  21]
 [ 43 120  18  17  11  15   9  18  36 713]]