training confusion matrix:
 [[3706   29   47   25   23   14    5   17   63   71]
 [  37 3786    6   19    5    4    8    7   31   97]
 [  84    7 3440   70  120   83   84   70   23   19]
 [  39    8  109 3378   77  235   92   26   17   19]
 [  54    7  105   95 3500   41   51  115   24    8]
 [  19    5  101  216   84 3422   43   83   10   17]
 [  23   11   71   77   67   36 3681   12   12   10]
 [  22    4   56   54   73   52   11 3705    6   17]
 [  56   36   20   10   16    3   11   10 3815   23]
 [  44   76   15   11    7   18    4    7   19 3799]]

validation confusion matrix:
 [[725  22  59  21  16  10   7  16  88  36]
 [ 31 787   5  11   4   3  10   7  33 109]
 [ 70  13 547  66 103  69  74  30  19   9]
 [ 22   7  82 475  64 195  74  45  19  17]
 [ 38   4  94  46 614  41  54  80  17  12]
 [  7   3  75 183  48 582  26  54  10  12]
 [ 10  14  63  63  52  33 728  12   8  17]
 [ 13   6  34  42  71  77   5 717   8  27]
 [ 83  36  10  16  10   5   7   6 788  39]
 [ 44 110  10   6   3   7  10  27  25 758]]