training confusion matrix:
 [[3528   34   61   53   30   31   25   34  119   85]
 [  48 3660   11   28    7   16   24   12   47  147]
 [ 120   16 3076  134  226  111  188   65   37   27]
 [  52   22  165 2983  134  291  201   91   26   35]
 [  77   11  194  127 3155   82  133  174   23   24]
 [  23   12  125  294  146 3109  127  127   15   22]
 [  21   17  107  119   92   64 3534   13    9   24]
 [  45    8   82  115  154  105   22 3414   16   39]
 [ 128   75   23   34   24   15   21   12 3596   72]
 [  57  131   31   29   21   17   24   32   52 3606]]

validation confusion matrix:
 [[682  20  59  21  19  13  14  18 103  51]
 [ 28 749   5  10   7   9  14  12  37 129]
 [ 72  12 516  87 110  53  86  31  20  13]
 [ 23   6  84 443  64 204  91  53  14  18]
 [ 42  10  86  54 584  38  77  85  11  13]
 [ 18   5  77 169  52 543  48  69   9  10]
 [  9  21  52  70  56  33 717  11   9  22]
 [ 17   6  35  44  86  76  14 683  12  27]
 [ 91  49  18  15  12  16  14   7 736  42]
 [ 51 138  12  17   6  13  18  28  28 689]]