training confusion matrix:
 [[2399    1    0    0    0    0    0    0    0    0]
 [   0 2399    0    0    0    0    0    0    0    1]
 [   0    0 2400    0    0    0    0    0    0    0]
 [   0    0    0 2000    0    0    0    0    0    0]
 [   0    0    0    0 2000    0    0    0    0    0]
 [   0    0    0    0    0 1600    0    0    0    0]
 [   0    0    0    0    0    0 2000    0    0    0]
 [   0    0    0    0    0    0    0 2400    0    0]
 [   0    0    0    0    0    0    0    0 2000    0]
 [   0    0    0    0    0    0    0    0    0 2400]]

validation confusion matrix:
 [[521   2  13  12   0   9  22   0  17   4]
 [  0 581   2   0   0  11   0   0   3   3]
 [  3   1 472  24  11  18  52  11   7   1]
 [ 22   1  19 338  32  10  33  24  21   0]
 [  0   0   2   8 479   0   0  11   0   0]
 [  7   9  13   4   0 336  14   1  16   0]
 [ 15   1  43  15  10   5 397   2  12   0]
 [  0   0   4   6   7   0   4 578   1   0]
 [ 25  11  12  44   4  20  11   0 372   1]
 [  3   0   0   0   0   1   0   0   3 593]]