training confusion matrix:
 [[  93   18   36    0    0   16  446   93 2779  519]
 [  24   18   19    0    0   22  492  111  695 2619]
 [  95   13   45    0    0   20 2982  142  440  263]
 [  81   13   35    0    0   37 3129  101  234  370]
 [  89   13   49    0    0   19 3039  114  380  297]
 [  71   17   34    0    0   30 3185  107  179  377]
 [  27   10   33    0    0   14 3526   31  126  233]
 [  64   60   31    0    0   78 1740  411  297 1319]
 [  81    6   28    0    0    5  232   37 3086  525]
 [  34   21    3    0    0   17  405   79  571 2870]]

validation confusion matrix:
 [[ 27   6   9   0   0   6 109  25 695 123]
 [ 12   5   1   0   0   7 131  26 165 653]
 [ 32   2   3   0   0   2 764  29 103  65]
 [ 19   4   4   0   0   1 802  12  60  98]
 [ 24   2  10   0   0   6 752  28 102  76]
 [ 22   4  11   1   0  14 804  18  50  76]
 [ 12   2   5   0   0   5 854  15  34  73]
 [ 23  13   5   0   0  24 469  97  74 295]
 [ 25   2   6   0   0   0  56  15 781 115]
 [  7   6   2   0   0   3 104  16 142 720]]