training confusion matrix:
 [[4000    0    0    0    0    0    0    0    0    0]
 [   0 4000    0    0    0    0    0    0    0    0]
 [   0    0 4000    0    0    0    0    0    0    0]
 [   0    0    0 4000    0    0    0    0    0    0]
 [   0    0    0    0 4000    0    0    0    0    0]
 [   0    0    0    0    0 4000    0    0    0    0]
 [   0    0    0    0    0    0 4000    0    0    0]
 [   0    0    0    0    0    0    0 4000    0    0]
 [   0    0    0    0    0    0    0    0 4000    0]
 [   0    0    0    0    0    0    0    0    0 4000]]

validation confusion matrix:
 [[836   8  33  13  15   8   9   5  52  21]
 [ 12 872   3   5   8   6   3   1  26  64]
 [ 50   1 684  53  83  44  40  16  17  12]
 [ 28   5  67 566  59 163  54  29  16  13]
 [ 21   6  61  56 715  33  38  50  13   7]
 [ 12   4  48 156  48 678  15  28   7   4]
 [ 17   9  48  57  25  30 791   8   6   9]
 [ 17   3  30  37  54  58   1 786   4  10]
 [ 37  25  10  10   4   4   7   3 885  15]
 [ 27  73  10   7  10   4   4  11  25 829]]