training confusion matrix:
 [[3557   47   84   43   30   16   10   25  129   59]
 [  36 3806    4   10    6   10   11    3   32   82]
 [ 160   13 3162   80  220   87  149   57   53   19]
 [  43   14  123 3006   98  420  206   30   38   22]
 [  66    7  129  101 3378   43  103  136   25   12]
 [  18   10  107  401  121 3166   62   90   14   11]
 [  20   11   86  124   66   28 3634    4   21    6]
 [  23    6   44   57   97   84   16 3639   11   23]
 [  71   51   20   12    8    7   13    6 3776   36]
 [  49   97   12   19    7    9    7   11   32 3757]]

validation confusion matrix:
 [[792  21  43  18   7   6   5   8  71  29]
 [ 24 863   2   6   2   1  10   3  23  66]
 [ 67   6 607  46 113  45  68  19  18  11]
 [ 21   7  74 515  56 180  75  42  20  10]
 [ 33   2  47  36 703  26  53  87  11   2]
 [ 10   5  55 139  51 665  23  40   6   6]
 [ 10  10  38  41  44  19 811  10  11   6]
 [ 13   4  18  42  52  66   4 780   7  14]
 [ 56  28  13   8   5   3   8   4 862  13]
 [ 36  91   7   8   3   4   6  13  20 812]]