training confusion matrix:
 [[3524    1    8  123   20   74    2  190   58    0]
 [  12 3777    0   69    4   42    2   50   42    2]
 [ 106    1 1803  465  310  699   60  545   11    0]
 [   1    0    0 3665    6  236    6   85    1    0]
 [  15    0    0  127 3283   86    3  480    6    0]
 [   0    0    0   76    8 3846    1   68    1    0]
 [   1    0    0  365   65  250 3244   74    1    0]
 [   0    0    0   13    1    9    0 3977    0    0]
 [  36    1    0   77    6   18    4   61 3796    1]
 [  41   45    0  281    5   91    1  265   96 3175]]

validation confusion matrix:
 [[698  15  17  49  22  37   8  71  76   7]
 [ 33 741   1  37   6  26   9  48  48  51]
 [ 54   2 250 163 126 204  57 135   7   2]
 [ 12   2  10 548  32 268  23  98   7   0]
 [ 16   3   5  87 495 118  24 244   8   0]
 [  3   2  11 167  34 690   8  83   2   0]
 [  4   8   8 168  65 104 587  45   5   6]
 [  5   2   3  48  29  60   5 844   2   2]
 [ 71  19   2  51   4  17   8  43 776   9]
 [ 49 106   3  89   6  47  11  96  47 546]]