training confusion matrix:
 [[5000    0    0    0    0    0    0    0    0    0]
 [   0 5000    0    0    0    0    0    0    0    0]
 [   0    0 5000    0    0    0    0    0    0    0]
 [   0    0    0 5000    0    0    0    0    0    0]
 [   0    0    0    0 5000    0    0    0    0    0]
 [   0    0    0    0    0 5000    0    0    0    0]
 [   0    0    0    0    0    0 5000    0    0    0]
 [   0    0    0    0    0    0    0 5000    0    0]
 [   0    0    0    0    0    0    0    0 5000    0]
 [   0    0    0    0    0    0    0    0    0 5000]]

validation confusion matrix:
 [[886   4  17  10  11   3   2   5  46  16]
 [  6 922   2   5   1   1   0   2  12  49]
 [ 42   0 785  33  53  38  29  12   5   3]
 [ 12   7  34 708  43 124  43  17   6   6]
 [  8   2  29  41 863  17  12  22   6   0]
 [  7   1  33 127  24 784   7  15   1   1]
 [  6   1  20  31  14  11 911   3   1   2]
 [  8   2  18  29  36  20   3 880   0   4]
 [ 35  18   4   5   2   0   2   0 918  16]
 [ 18  39   1   3   3   1   3   5  15 912]]