training confusion matrix:
 [[4958    1   18    2    3    0    1    1   15    1]
 [   3 4989    0    0    0    0    1    0    2    5]
 [  15    0 4934    4   28    1   14    1    3    0]
 [   1    0   13 4925    8   34   12    3    2    2]
 [  12    0   11    6 4957    1    8    5    0    0]
 [   1    0    6   32   10 4940    3    7    0    1]
 [   0    0   20   11    8    8 4950    1    2    0]
 [   0    0    2    8    4    1    0 4985    0    0]
 [  17    2    5    0    1    1    5    0 4966    3]
 [   4    2    1    4    0    0    0    2    7 4980]]

validation confusion matrix:
 [[770  15  44  24  16  11   9  19  50  42]
 [ 24 765   9  18   4   8  10  15  33 114]
 [ 59   9 572  82  90  74  52  40  11  11]
 [ 17  13  62 539  52 177  62  39  13  26]
 [ 30   2  97  78 614  42  57  62   8  10]
 [ 16   3  46 184  49 604  22  61   6   9]
 [  7   2  50  78  37  44 762  13   4   3]
 [ 16   5  31  46  62  61   6 751   4  18]
 [ 56  34  14  16   8   8   8   5 807  44]
 [ 34  66  11  25   5  18   4  18  35 784]]