training confusion matrix:
 [[5000    0    0    0    0    0    0    0    0    0]
 [   0 5000    0    0    0    0    0    0    0    0]
 [   0    0 5000    0    0    0    0    0    0    0]
 [   0    0    0 5000    0    0    0    0    0    0]
 [   0    0    0    0 5000    0    0    0    0    0]
 [   0    0    0    0    0 5000    0    0    0    0]
 [   0    0    0    0    0    0 5000    0    0    0]
 [   0    0    0    0    0    0    0 5000    0    0]
 [   0    0    0    0    0    0    0    0 5000    0]
 [   0    0    0    0    0    0    0    0    0 5000]]

validation confusion matrix:
 [[913   4  17   7   6   4   3   3  34   9]
 [  6 943   2   1   1   1   2   0  10  34]
 [ 41   0 807  33  41  32  24  12   8   2]
 [ 16   4  41 744  35  99  27  15   6  13]
 [  6   1  28  25 886   8  13  27   6   0]
 [  5   0  21  86  25 836   7  16   2   2]
 [  7   0  25  29  15  10 906   2   5   1]
 [  6   0   8  11  37  21   0 909   2   6]
 [ 29   6   3   3   0   2   4   3 942   8]
 [ 10  28   4   1   2   1   4   2  15 933]]