training confusion matrix:
 [[2398    2    0    0    0    0    0    0    0    0]
 [   0 2399    0    0    0    0    0    0    0    1]
 [   0    0 2400    0    0    0    0    0    0    0]
 [   0    0    0 2000    0    0    0    0    0    0]
 [   0    0    0    0 2000    0    0    0    0    0]
 [   0    0    0    0    0 1600    0    0    0    0]
 [   0    0    0    0    0    0 2000    0    0    0]
 [   0    0    0    0    0    0    0 2400    0    0]
 [   0    0    0    0    0    0    0    0 2000    0]
 [   0    0    0    0    0    0    0    0    0 2400]]

validation confusion matrix:
 [[512   2  18   7   0  17  26   1  13   4]
 [  0 566   5   1   0  23   0   0   2   3]
 [  9   3 450  20   8  20  59  18  12   1]
 [ 29   0  27 303  32  13  33  26  37   0]
 [  0   0   3  10 473   0   0  12   2   0]
 [  6  14  23   3   0 333  10   1  10   0]
 [ 25   0  53  11   7  12 376   8   8   0]
 [  0   0   7   8   8   0   8 568   1   0]
 [ 23   7  13  48   3  24  10   2 368   2]
 [  5   4   0   0   0   2   0   0   5 584]]