training confusion matrix:
 [[5000    0    0    0    0    0    0    0    0    0]
 [   0 5000    0    0    0    0    0    0    0    0]
 [   0    0 5000    0    0    0    0    0    0    0]
 [   0    0    0 5000    0    0    0    0    0    0]
 [   0    0    0    0 5000    0    0    0    0    0]
 [   0    0    0    0    0 5000    0    0    0    0]
 [   0    0    0    0    0    0 5000    0    0    0]
 [   0    0    0    0    0    0    0 5000    0    0]
 [   0    0    0    0    0    0    0    0 5000    0]
 [   0    0    0    0    0    0    0    0    0 5000]]

validation confusion matrix:
 [[907   6  17   5  10   4   1   2  34  14]
 [  8 920   4   1   2   1   2   2  14  46]
 [ 48   1 800  32  48  22  26  14   2   7]
 [ 21   3  37 727  42  93  41  19   9   8]
 [  8   2  29  26 874   9  16  29   6   1]
 [  9   2  27 119  32 778  11  17   1   4]
 [  8   1  23  26  16   6 913   4   2   1]
 [  9   1  12  26  37  19   3 888   0   5]
 [ 29  21   4   7   0   4   5   0 916  14]
 [ 15  44   4   3   4   0   3   3  14 910]]