training confusion matrix:
 [[4000    0    0    0    0    0    0    0    0    0]
 [   0 4000    0    0    0    0    0    0    0    0]
 [   0    0 4000    0    0    0    0    0    0    0]
 [   0    0    0 4000    0    0    0    0    0    0]
 [   0    0    0    0 4000    0    0    0    0    0]
 [   0    0    0    0    0 4000    0    0    0    0]
 [   0    0    0    0    0    0 4000    0    0    0]
 [   0    0    0    0    0    0    0 4000    0    0]
 [   0    0    0    0    0    0    0    0 4000    0]
 [   0    0    0    0    0    0    0    0    0 4000]]

validation confusion matrix:
 [[837  11  36  13  12   7   6   9  53  16]
 [ 19 877   5   5   4   4   7   4  21  54]
 [ 51   8 678  51  84  42  46  25   9   6]
 [ 21   5  64 574  52 176  54  31  14   9]
 [ 35   5  54  44 730  37  27  58   9   1]
 [ 10   6  54 144  41 684  18  35   4   4]
 [ 11   6  35  45  25  23 833   5   8   9]
 [ 13   3  18  35  49  54   3 813   5   7]
 [ 46  23  10   7   7   4   6   3 881  13]
 [ 36  72   6   6   7   6   7  11  18 831]]