training confusion matrix:
 [[480   0   0   0   0   0   0   0   0   0]
 [  0 480   0   0   0   0   0   0   0   0]
 [  0   0 480   0   0   0   0   0   0   0]
 [  0   0   0 400   0   0   0   0   0   0]
 [  0   0   0   0 400   0   0   0   0   0]
 [  0   0   0   0   0 320   0   0   0   0]
 [  0   0   0   0   0   0 400   0   0   0]
 [  0   0   0   0   0   0   0 480   0   0]
 [  0   0   0   0   0   0   0   0 400   0]
 [  0   0   0   0   0   0   0   0   0 480]]

validation confusion matrix:
 [[476   2   9  22   0  18  35   1  24  13]
 [  1 562   3   1   0  23   0   0   3   7]
 [ 10   3 467  11  15  13  62   3  14   2]
 [ 27   0  21 302  35  14  34  26  41   0]
 [  0   0   3   9 474   0   1  12   1   0]
 [  6  13  18   8   0 318  15   0  20   2]
 [ 30   0  70  17   4  12 348   6  13   0]
 [  0   0   5  11   2   1   4 577   0   0]
 [ 37  11  14  47   5  37  11   1 333   4]
 [  6   7   1   0   0   1   0   0   0 585]]