training confusion matrix:
 [[456   5   2   0   0   9   0   0   2   6]
 [  0 477   1   0   0   1   0   1   0   0]
 [  0   1 467   2   0   3   4   2   1   0]
 [  0   1   0 395   0   1   0   0   3   0]
 [  0   0   0   1 399   0   0   0   0   0]
 [  0  15   6   0   0 294   3   0   1   1]
 [  0   1   9   1   0   2 385   2   0   0]
 [  0   0   0   0   0   0   0 480   0   0]
 [  0   5   0   1   0   4   2   0 388   0]
 [  0   4   0   0   0   0   0   0   0 476]]

validation confusion matrix:
 [[423   3  25  36   1  21  48   0  28  15]
 [  0 578   3   1   0  11   0   2   2   3]
 [  9   5 408  35   8  16  72  22  22   3]
 [ 21   0  25 271  29  10  45  19  80   0]
 [  1   0   8   8 438   0  15  27   2   1]
 [  7  23  20   9   0 301  14   4  18   4]
 [ 23   0  81  38  14   7 310   9  18   0]
 [  0   0   8   7   4   0   8 573   0   0]
 [ 24  14  15  63   3  24  10   3 343   1]
 [  3  15   0   0   0   5   0   0   4 573]]