training confusion matrix:
 [[480   0   0   0   0   0   0   0   0   0]
 [  0 480   0   0   0   0   0   0   0   0]
 [  0   0 480   0   0   0   0   0   0   0]
 [  0   0   0 400   0   0   0   0   0   0]
 [  0   0   0   0 400   0   0   0   0   0]
 [  0   0   0   0   0 320   0   0   0   0]
 [  0   0   0   0   0   0 400   0   0   0]
 [  0   0   0   0   0   0   0 480   0   0]
 [  0   0   0   0   0   0   0   0 400   0]
 [  0   0   0   0   0   0   0   0   0 480]]

validation confusion matrix:
 [[514   1  10  12   0  20  21   0  13   9]
 [  1 583   4   0   0   9   1   0   0   2]
 [  8   3 483  13   9   8  52   9  12   3]
 [ 30   1  18 323  35  13  34  17  29   0]
 [  0   0   2   6 474   0   1  16   1   0]
 [ 14   9  21   2   0 330   7   2  14   1]
 [ 23   0  72  15  12   6 360   4   8   0]
 [  0   0   3   4   5   0   0 588   0   0]
 [ 31   9   5  30   4  17   7   2 394   1]
 [  4   3   0   0   1   0   0   0   2 590]]