training confusion matrix:
 [[5000    0    0    0    0    0    0    0    0    0]
 [   0 5000    0    0    0    0    0    0    0    0]
 [   0    0 5000    0    0    0    0    0    0    0]
 [   0    0    0 5000    0    0    0    0    0    0]
 [   0    0    0    0 5000    0    0    0    0    0]
 [   0    0    0    0    0 5000    0    0    0    0]
 [   0    0    0    0    0    0 5000    0    0    0]
 [   0    0    0    0    0    0    0 5000    0    0]
 [   0    0    0    0    0    0    0    0 5000    0]
 [   0    0    0    0    0    0    0    0    0 5000]]

validation confusion matrix:
 [[848  10  27   8  16   9   6  11  46  19]
 [  8 897   4   5   5   3   4   2  15  57]
 [ 49   2 740  52  58  31  37  20   8   3]
 [ 22   7  76 567  68 150  51  28  14  17]
 [ 14   2  42  43 786  20  37  45   8   3]
 [ 12   4  44 146  32 689  28  32   7   6]
 [  8   4  34  39  22  13 866   7   4   3]
 [ 12   3  27  23  36  41   5 836   3  14]
 [ 46  25  10   9   7   3   4   3 876  17]
 [ 23  74   6   8   5   2   2  10  18 852]]