training confusion matrix:
 [[3615   31   17    2   14   62   48   16  138   57]
 [  86 3595    1    0    5   39   58    7   58  151]
 [ 684   26  185    5 1481  847  585   94   58   35]
 [ 152   21   19    9  110 2956  633   37   31   32]
 [ 249   12   69    3 2354  412  596  244   36   25]
 [  61   10   12    1  108 3497  209   76   19    7]
 [  32    9    6    3   54  113 3759    4   11    9]
 [  78   15    3    0  124  295   78 3362   18   27]
 [ 372   64    1    0   12   48   51    5 3389   58]
 [ 121  164    2    4   13   55   69   11   48 3513]]

validation confusion matrix:
 [[823  19   2   0  10  30  24  11  58  23]
 [ 49 770   1   0   0  19  28   8  34  91]
 [166   9  44   2 304 247 182  20  18   8]
 [ 56   9   5   0  48 639 193  27   9  14]
 [ 86   4  16   0 482 116 181  94  15   6]
 [ 37   2   2   1  41 784  87  36   7   3]
 [ 16  16   2   1  22  57 866   5   3  12]
 [ 37   4   4   1  43 136  35 705  12  23]
 [150  37   3   1   5  25  26   5 720  28]
 [ 59 117   1   1   4  40  37  12  41 688]]