training confusion matrix:
 [[100   0   0   0   0   0   0   0   0   0]
 [  0 100   0   0   0   0   0   0   0   0]
 [  0   0 100   0   0   0   0   0   0   0]
 [  0   0   0 100   0   0   0   0   0   0]
 [  0   0   0   0 100   0   0   0   0   0]
 [  0   0   0   0   0 100   0   0   0   0]
 [  0   0   0   0   0   0 100   0   0   0]
 [  0   0   0   0   0   0   0 100   0   0]
 [  0   0   0   0   0   0   0   0 100   0]
 [  0   0   0   0   0   0   0   0   0 100]]

validation confusion matrix:
 [[704  13  57  23  28  11   8   9 111  36]
 [ 33 778   7   5   9   4   9   9  56  90]
 [ 90   4 566  51 123  56  62  30   8  10]
 [ 24  10  83 456  89 199  76  40  12  11]
 [ 31   3  63  48 652  42  45  98  13   5]
 [ 15   4  63 153  63 617  30  48   3   4]
 [ 15   5  44  39  51  23 808   4  10   1]
 [ 17   7  44  55  94  63  17 687   6  10]
 [106  38  22   5   6   3   6   3 763  48]
 [ 38 110   5  11  10   8   7  21  49 741]]