training confusion matrix:
 [[ 99   0   0   0   1   0   0   0   0   0]
 [  0 100   0   0   0   0   0   0   0   0]
 [  0   0 100   0   0   0   0   0   0   0]
 [  0   0   0 100   0   0   0   0   0   0]
 [  0   0   0   0 100   0   0   0   0   0]
 [  0   0   0   0   0 100   0   0   0   0]
 [  0   0   0   0   0   0 100   0   0   0]
 [  0   0   0   0   0   0   0 100   0   0]
 [  0   0   0   0   0   0   0   0 100   0]
 [  0   0   0   0   0   0   0   0   1  99]]

validation confusion matrix:
 [[482  44  78  30  19  35  31  22 185  74]
 [ 71 464  23  38  18  27  38  33  52 236]
 [ 78  27 367  82 110  81 126  52  42  35]
 [ 45  31 108 240 101 199 142  64  19  51]
 [ 30  18 174  75 331  59 157 102  28  26]
 [ 28  22 118 187  97 351  74  72  18  33]
 [ 15  25  97  63 101  56 556  49  14  24]
 [ 41  33  60  57 131 102  46 431  12  87]
 [129  61  37  26  15  36  15  21 560 100]
 [ 59 149  29  35  22  37  30  34  67 538]]