training confusion matrix:
 [[100   0   0   0   0   0   0   0   0   0]
 [  0 100   0   0   0   0   0   0   0   0]
 [  0   0 100   0   0   0   0   0   0   0]
 [  0   0   0 100   0   0   0   0   0   0]
 [  0   0   0   0 100   0   0   0   0   0]
 [  0   0   0   0   0 100   0   0   0   0]
 [  0   0   0   0   0   0 100   0   0   0]
 [  0   0   0   0   0   0   0 100   0   0]
 [  0   0   0   0   0   0   0   0 100   0]
 [  0   0   0   0   0   0   0   0   0 100]]

validation confusion matrix:
 [[522  40  63  26  22  25  14  22 205  61]
 [ 57 591   5  21  18  17  27  19  70 175]
 [ 89  36 348 105 116  86 101  48  44  27]
 [ 51  36  86 269  87 262 104  48  17  40]
 [ 45  18 157  79 339  73 147  98  27  17]
 [ 31  11  94 204  74 406  61  75  23  21]
 [ 34  21  62  68  88  54 622  25   6  20]
 [ 49  22  58  85 100 112  42 428  13  91]
 [134  73  17  18   9  27  11  12 634  65]
 [ 63 169  13  31   6  22  34  43  64 555]]