training confusion matrix:
 [[5000    0    0    0    0    0    0    0    0    0]
 [   0 5000    0    0    0    0    0    0    0    0]
 [   0    0 5000    0    0    0    0    0    0    0]
 [   0    0    0 5000    0    0    0    0    0    0]
 [   0    0    0    0 5000    0    0    0    0    0]
 [   0    0    0    0    0 5000    0    0    0    0]
 [   0    0    0    0    0    0 5000    0    0    0]
 [   0    0    0    0    0    0    0 5000    0    0]
 [   0    0    0    0    0    0    0    0 5000    0]
 [   0    0    0    0    0    0    0    0    0 5000]]

validation confusion matrix:
 [[862  14  26   9  13   3   8   5  48  12]
 [  5 911   5   4   4   4   1   0  15  51]
 [ 35   0 817  27  35  35  32  10   6   3]
 [ 15   3  47 697  27 136  41  14  12   8]
 [ 10   1  37  31 841  28  23  22   6   1]
 [  7   1  27 109  27 805   8  11   2   3]
 [  6   3  21  28   7  12 916   1   4   2]
 [  7   2  22  25  28  23   7 877   3   6]
 [ 34  17   6   2   1   6   2   2 917  13]
 [ 16  54   5   7   3   4   3   6  20 882]]