training confusion matrix:
 [[5000    0    0    0    0    0    0    0    0    0]
 [   0 5000    0    0    0    0    0    0    0    0]
 [   0    0 5000    0    0    0    0    0    0    0]
 [   0    0    0 5000    0    0    0    0    0    0]
 [   0    0    0    0 5000    0    0    0    0    0]
 [   0    0    0    0    0 5000    0    0    0    0]
 [   0    0    0    0    0    0 5000    0    0    0]
 [   0    0    0    0    0    0    0 5000    0    0]
 [   0    0    0    0    0    0    0    0 5000    0]
 [   0    0    0    0    0    0    0    0    0 5000]]

validation confusion matrix:
 [[880   8  20  14  10   7   4   6  33  18]
 [ 10 902   2   4   3   2   4   2  19  52]
 [ 44   2 738  48  47  48  45  20   6   2]
 [ 17   8  37 646  44 164  49  20  13   2]
 [ 12   2  41  54 784  33  26  40   8   0]
 [  7   0  25 142  23 745  17  34   6   1]
 [  5   1  33  42  29  18 862   3   3   4]
 [  8   1  14  27  41  40   5 856   3   5]
 [ 46  17  10   3   3   6   2   2 897  14]
 [ 27  52   7   9   3   6   3   5  15 873]]