training confusion matrix:
 [[4000    0    0    0    0    0    0    0    0    0]
 [   0 4000    0    0    0    0    0    0    0    0]
 [   0    0 4000    0    0    0    0    0    0    0]
 [   0    0    0 4000    0    0    0    0    0    0]
 [   0    0    0    0 4000    0    0    0    0    0]
 [   0    0    0    0    0 4000    0    0    0    0]
 [   0    0    0    0    0    0 4000    0    0    0]
 [   0    0    0    0    0    0    0 4000    0    0]
 [   0    0    0    0    0    0    0    0 4000    0]
 [   0    0    0    0    0    0    0    0    0 4000]]

validation confusion matrix:
 [[739  16  47  25  16  17   8  15  87  30]
 [ 24 809  10  12   5   5  15   6  25  89]
 [ 58  10 548  69 100  79  73  32  19  12]
 [ 19   8  85 475  54 214  80  43  15   7]
 [ 29   5  74  52 621  56  55  90   8  10]
 [ 20   4  72 185  40 572  37  56  10   4]
 [ 11  14  53  63  53  42 738   6   7  13]
 [ 12   7  35  55  69  66   7 722   5  22]
 [ 69  46  22  12   7   7  11   9 791  26]
 [ 38 100  11  10  11  17  13  22  32 746]]