training confusion matrix:
 [[ 220    0   66    0    3  303  348  118 2628  314]
 [ 116    0   44    0    0  374  489  142  763 2072]
 [ 141    0   47    0    1  736 2450  148  384   93]
 [  93    0   43    0    0  904 2659   76  106  119]
 [ 125    0   39    0    1  529 2772  114  326   94]
 [  79    0   31    0    3  898 2736   65   78  110]
 [  34    0   21    0    1  547 3237   25   50   85]
 [ 217    0   40    0    4  590 1633  513  390  613]
 [ 152    0   56    0    1  206  208   48 2994  335]
 [ 107    0   17    0    3  301  409  183 1016 1964]]

validation confusion matrix:
 [[ 48   0  16   0   0  81  85  39 667  64]
 [ 28   0  10   0   0  91 122  39 207 503]
 [ 40   0  15   1   0 168 638  24  87  27]
 [ 20   0  13   0   0 222 674  19  32  20]
 [ 31   0   9   0   0 132 685  21  93  29]
 [ 15   0   8   0   0 229 696  15  16  21]
 [ 13   0   6   0   1 127 811   4  12  26]
 [ 58   0  14   0   1 141 436 129  99 122]
 [ 49   0  11   0   0  47  44  20 751  78]
 [ 28   0   4   0   0  75  97  35 246 515]]