training confusion matrix:
 [[4000    0    0    0    0    0    0    0    0    0]
 [   0 4000    0    0    0    0    0    0    0    0]
 [   0    0 4000    0    0    0    0    0    0    0]
 [   0    0    0 4000    0    0    0    0    0    0]
 [   0    0    0    0 4000    0    0    0    0    0]
 [   0    0    0    0    0 4000    0    0    0    0]
 [   0    0    0    0    0    0 4000    0    0    0]
 [   0    0    0    0    0    0    0 4000    0    0]
 [   0    0    0    0    0    0    0    0 4000    0]
 [   0    0    0    0    0    0    0    0    0 4000]]

validation confusion matrix:
 [[867  12  22  14  13   7   7   7  37  14]
 [  5 912   6   4   3   1   6   2  14  47]
 [ 51   2 707  54  65  37  50  17  12   5]
 [ 20   5  49 598  55 162  61  27  10  13]
 [ 20   1  41  42 787  26  26  47   6   4]
 [  9   4  32 117  42 735  15  40   2   4]
 [  8   2  33  37  35  20 853   5   3   4]
 [ 11   1  24  40  44  35   4 833   3   5]
 [ 47  20   5   8   3   3   2   5 890  17]
 [ 26  53   1   9   5   2   1   6  19 878]]