training confusion matrix:
 [[2968  100  118   52   52   59   55   57  373  166]
 [  69 3263   12   30   18   17   54   23  156  358]
 [ 310   53 1986  203  442  328  358  165   96   59]
 [  63   46  211 1922  168  868  429  120   94   79]
 [ 159   23  305  197 2277  160  352  394   81   52]
 [  35   38  221  492  150 2590  200  199   38   37]
 [  20   31  115  143  137   78 3391   28   28   29]
 [  34   30   78  115  241  244   68 3067   45   78]
 [ 233  142   38   35   35   46   26   11 3336   98]
 [  96  411   25   58   17   34   52   59  135 3113]]

validation confusion matrix:
 [[681  23  39  15  14  22  17  15 122  52]
 [ 27 772   3   7   8   2  24   5  53  99]
 [ 87   9 434  55 119 101 110  41  24  20]
 [ 21  11  73 384  58 246 119  42  22  24]
 [ 51   6  78  44 537  41  97 113  20  13]
 [ 20   5  67 135  53 593  55  55   8   9]
 [  6  13  36  45  21  17 824  15  13  10]
 [ 16  11  26  48  62  75  21 701  10  30]
 [ 78  37   6   9   9  12  15  11 790  33]
 [ 29 145   7   9   8  11  22  19  44 706]]