training confusion matrix:
 [[   0  330    0    0    0    0 3441    0  229    0]
 [   0 1253    0    0    0    0 2743    0    4    0]
 [   0   55    0    0    0    0 3926    0   19    0]
 [   0   15    0    0    0    1 3983    0    1    0]
 [   0   23    0    0    0    0 3969    0    8    0]
 [   0   16    0    0    0    0 3984    0    0    0]
 [   0    3    0    0    0    0 3997    0    0    0]
 [   0   34    0    0    0    2 3963    0    1    0]
 [   0  392    0    0    0    0 3260    0  348    0]
 [   0  714    0    0    0    0 3279    0    7    0]]

validation confusion matrix:
 [[  0  77   0   0   0   0 861   0  62   0]
 [  0 278   0   0   0   0 722   0   0   0]
 [  0   9   0   0   0   0 984   0   7   0]
 [  0   6   0   0   0   0 994   0   0   0]
 [  0  11   0   0   0   0 987   0   2   0]
 [  0   5   0   0   0   0 995   0   0   0]
 [  0   2   0   0   0   0 998   0   0   0]
 [  0  13   0   0   0   1 986   0   0   0]
 [  0  98   0   0   0   0 833   0  69   0]
 [  0 192   0   0   0   0 807   0   1   0]]