training confusion matrix:
 [[2399    1    0    0    0    0    0    0    0    0]
 [   0 2399    0    0    0    0    0    0    0    1]
 [   0    0 2400    0    0    0    0    0    0    0]
 [   0    0    0 2000    0    0    0    0    0    0]
 [   0    0    0    0 2000    0    0    0    0    0]
 [   0    0    0    0    0 1600    0    0    0    0]
 [   0    0    0    0    0    0 2000    0    0    0]
 [   0    0    0    0    0    0    0 2400    0    0]
 [   0    0    0    0    0    0    0    0 2000    0]
 [   0    0    0    0    0    0    0    0    0 2400]]

validation confusion matrix:
 [[528   1  11  11   0  10  23   0  14   2]
 [  0 582   3   0   0  13   0   0   1   1]
 [  6   1 475  17  11  13  58  12   7   0]
 [ 24   0  24 335  26  11  32  17  31   0]
 [  0   0   2  12 473   0   0  11   2   0]
 [ 10   8  18   5   0 325  22   1  11   0]
 [ 21   0  42  13   8   6 389   5  16   0]
 [  0   0   3   5   7   0   3 581   1   0]
 [ 31   7  10  48   3  20   9   0 371   1]
 [  7   2   0   0   0   2   0   0   1 588]]