training confusion matrix:
 [[3870    0   39   56    0    1    1    0   26    7]
 [   1 3973    1    7    0    1    2    0    1   14]
 [  11    0 3941   31    3    7    4    0    2    1]
 [   0    0   16 3933    2   36    7    0    2    4]
 [   1    0   80   71 3805   19   13    4    7    0]
 [   1    0    6  132    2 3858    0    0    0    1]
 [   0    0   23   62    3    4 3905    1    1    1]
 [   0    0    1   27    4    9    0 3954    0    5]
 [   4    1    1   10    0    1    0    0 3980    3]
 [   0    0    3    5    0    1    0    1    4 3986]]

validation confusion matrix:
 [[667  15  67  59  14  14   6   9  91  58]
 [ 16 721  10  32   7   8  14   4  32 156]
 [ 33   5 631 119  47  69  46  22  13  15]
 [ 13   6  74 588  31 183  53  22  11  19]
 [ 17   6 121 111 540  64  52  61  19   9]
 [  6   4  70 250  30 565  14  35   8  18]
 [  5  11  66 133  22  47 685   5   7  19]
 [ 15   2  52  82  61  80  10 664   3  31]
 [ 50  19  21  36   5  11  10   6 792  50]
 [ 21  76  17  32   5  10  12  10  27 790]]