training confusion matrix:
 [[2304    7    7   12    4  141   10   38 1477    0]
 [ 205 1833    0   22    3  162   34   34 1706    1]
 [ 526    7  847  154   98 1372  244  107  645    0]
 [ 111    3   19 1303   18 1776  210   47  513    0]
 [ 234    3  108  136 1215 1102  283  352  567    0]
 [  57    3   23  230   13 3293   71   91  219    0]
 [  62    9   41   91   23  644 2882   17  231    0]
 [  82    3   12   69   50  664   29 2869  222    0]
 [  30    5    3    8    1   36    5    3 3909    0]
 [ 249  741    5   47    1  554   20  214 1971  198]]

validation confusion matrix:
 [[545   0   4   7   1  38   2  12 391   0]
 [ 66 442   1   2   1  46  14  13 415   0]
 [135   2 178  44  26 357  82  27 149   0]
 [ 47   0   8 235   9 496  73  22 110   0]
 [ 63   2  28  38 272 262  79  95 161   0]
 [ 21   1   9  65  11 800  20  20  53   0]
 [ 23   8  22  36   7 182 643  14  65   0]
 [ 36   2   3  26  19 225   7 621  61   0]
 [ 19   0   0   2   0  15   3   3 958   0]
 [ 61 214   1  11   1 126   5  67 467  47]]