training confusion matrix:
 [[4000    0    0    0    0    0    0    0    0    0]
 [   0 4000    0    0    0    0    0    0    0    0]
 [   0    0 4000    0    0    0    0    0    0    0]
 [   0    0    0 4000    0    0    0    0    0    0]
 [   0    0    0    0 4000    0    0    0    0    0]
 [   0    0    0    0    0 4000    0    0    0    0]
 [   0    0    0    0    0    0 4000    0    0    0]
 [   0    0    0    0    0    0    0 4000    0    0]
 [   0    0    0    0    0    0    0    0 4000    0]
 [   0    0    0    0    0    0    0    0    0 4000]]

validation confusion matrix:
 [[766  21  37  21  16  19   8  12  70  30]
 [ 20 830   6  11   5   7   8   5  31  77]
 [ 54   3 609  67 106  65  52  23  12   9]
 [ 20   8  80 503  73 180  70  42  12  12]
 [ 24   4  59  55 688  36  48  73  10   3]
 [ 11   8  55 155  61 615  30  53   8   4]
 [  9   9  53  46  42  25 787   6   8  15]
 [ 12   6  33  37  66  66   7 753   6  14]
 [ 49  34  20  10   6   6   4   6 844  21]
 [ 38 100   7  16  14   5  13  14  26 767]]