training confusion matrix:
 [[3086   94  167    1   55   43   28   44  325  157]
 [  69 3456   17    0   22   28   26   22  117  243]
 [ 308   48 2391   11  392  340  273  143   63   31]
 [ 116   42  283   31  221 2650  410  123   52   72]
 [ 134   40  170    5 2756  263  198  336   46   52]
 [  21   12  190   13  204 3137  138  235   14   36]
 [  37   28  162   20   91  133 3463   23   29   14]
 [  66   34  110    3  196  322   54 3108   33   74]
 [ 271  133   53    2    7   29   22   11 3347  125]
 [ 139  319   23    1   28   26   21   49  101 3293]]

validation confusion matrix:
 [[778  24  40   1  12  16   5   6  78  40]
 [ 28 840   4   0   2   6  11   5  42  62]
 [ 90  14 552   1 108  99  73  26  27  10]
 [ 42   7  77   9  56 618 130  27  14  20]
 [ 50   9  47   2 640  65  59 101   9  18]
 [ 14   3  48   2  67 745  37  65   4  15]
 [ 21   9  44   3  26  42 835   4   9   7]
 [ 14   8  29   0  60 103  14 726  14  32]
 [ 74  28  12   0   3  11  13   3 814  42]
 [ 40  97   4   0  11   8   4  13  30 793]]