training confusion matrix:
 [[4000    0    0    0    0    0    0    0    0    0]
 [4000    0    0    0    0    0    0    0    0    0]
 [4000    0    0    0    0    0    0    0    0    0]
 [4000    0    0    0    0    0    0    0    0    0]
 [4000    0    0    0    0    0    0    0    0    0]
 [4000    0    0    0    0    0    0    0    0    0]
 [4000    0    0    0    0    0    0    0    0    0]
 [4000    0    0    0    0    0    0    0    0    0]
 [4000    0    0    0    0    0    0    0    0    0]
 [4000    0    0    0    0    0    0    0    0    0]]

validation confusion matrix:
 [[1000    0    0    0    0    0    0    0    0    0]
 [1000    0    0    0    0    0    0    0    0    0]
 [1000    0    0    0    0    0    0    0    0    0]
 [1000    0    0    0    0    0    0    0    0    0]
 [1000    0    0    0    0    0    0    0    0    0]
 [1000    0    0    0    0    0    0    0    0    0]
 [1000    0    0    0    0    0    0    0    0    0]
 [1000    0    0    0    0    0    0    0    0    0]
 [1000    0    0    0    0    0    0    0    0    0]
 [1000    0    0    0    0    0    0    0    0    0]]