training confusion matrix:
 [[3765   21   46   20   29    7    9   17   52   34]
 [  32 3843   14   12    6    3   11    5   20   54]
 [ 106    9 3395   92  133   85   97   45   18   20]
 [  32   10  106 3429   89  195   89   19   17   14]
 [  54    2   82   75 3608   24   72   59   17    7]
 [  12    2   95  255   96 3431   48   45    6   10]
 [  14    5   71   65   55   26 3749    1    7    7]
 [  12    2   59   66  104   71    9 3656    8   13]
 [  68   25    9   18   11    6    9    5 3830   19]
 [  47   55   20   18    7   10    5    5   18 3815]]

validation confusion matrix:
 [[746  24  47  20  12  11   8  16  87  29]
 [ 36 811   4   9   6   5  10   4  35  80]
 [ 76  11 550  74  97  67  74  31  13   7]
 [ 28   4  89 499  65 174  73  39  15  14]
 [ 48   5  77  54 622  34  58  85   6  11]
 [ 12  11  73 189  50 570  35  51   5   4]
 [  5  16  64  68  38  22 757   6   8  16]
 [ 14   2  34  49  89  75   9 706   5  17]
 [ 83  36  16  15   5   5  12   5 790  33]
 [ 48 111   4  16   4  15  12  22  27 741]]