training confusion matrix:
 [[3898   12   10   29    7    6    3    4   20   11]
 [   5 3951    1    6    0    2    2    1    4   28]
 [ 168    8 3364  177   74   66   83   42   16    2]
 [  28    7   26 3610   35  168   55   42   16   13]
 [  49   12   27  207 3536   38   35   76   15    5]
 [  18    5   23  542   37 3193   54  116    5    7]
 [  15    7   27   68   16   18 3830    5   12    2]
 [  11    0    9   51   18   24    4 3877    3    3]
 [  89   10    1   13    0    4    2    4 3864   13]
 [  36   89    4   14    3    7    6   12    6 3823]]

validation confusion matrix:
 [[831  18  20  37   8   9   5  18  34  20]
 [ 24 881   1   5   1   6   7   6  16  53]
 [ 83   7 532 103  77  61  68  47  17   5]
 [ 33   9  27 648  48 121  48  43  11  12]
 [ 28   5  47  98 654  29  27  89  12  11]
 [ 19   6  41 208  36 567  23  85   7   8]
 [ 12   7  40  62  40  24 789  12   9   5]
 [ 12   6  15  69  39  42   9 788   6  14]
 [ 77  28   1  11   4   4   8   6 838  23]
 [ 33  88   3  18   4   6   5  22  23 798]]