training confusion matrix:
 [[3000    0    0    0    0    0    0    0    0    0]
 [   0 3000    0    0    0    0    0    0    0    0]
 [   0    0 3000    0    0    0    0    0    0    0]
 [   0    0    0 3000    0    0    0    0    0    0]
 [   0    0    0    0 3000    0    0    0    0    0]
 [   0    0    0    0    0 3000    0    0    0    0]
 [   0    0    0    0    0    0 3000    0    0    0]
 [   0    0    0    0    0    0    0 3000    0    0]
 [   0    0    0    0    0    0    0    0 3000    0]
 [   0    0    0    0    0    0    0    0    0 3000]]

validation confusion matrix:
 [[883   6  15   9   5   5   5   7  47  18]
 [  5 919   3   6   1   1   1   3   7  54]
 [ 47   2 750  38  50  38  41  23   8   3]
 [ 19   7  33 715  37 113  41  19   7   9]
 [ 14   3  24  39 836  28  20  28   7   1]
 [  7   1  26 128  22 767  17  26   3   3]
 [  9   2  23  37  12  10 899   3   3   2]
 [ 10   2  12  21  37  28   2 882   5   1]
 [ 50  27   2   5   2   0   3   2 891  18]
 [ 22  43   3   6   2   0   4   8  13 899]]