training confusion matrix:
 [[2994    0    0    0    0    0    0    0    5    1]
 [   0 2997    0    0    0    0    0    0    1    2]
 [  10    0 2977    0    7    4    1    0    1    0]
 [   0    0    2 2981    2    5    8    0    2    0]
 [   4    0    4    1 2984    0    1    3    3    0]
 [   0    0    1    7    1 2989    0    2    0    0]
 [   0    0    1    2    4    0 2991    1    1    0]
 [   0    0    0    0    0    2    0 2998    0    0]
 [   1    0    0    0    0    0    1    0 2998    0]
 [   3    0    0    0    0    0    1    0    2 2994]]

validation confusion matrix:
 [[749  20  35  26  18  11  11  19  77  34]
 [ 32 760   6  22   8  12   9   6  40 105]
 [ 77   9 522  68  94  87  66  46  13  18]
 [ 23   9  71 495  49 189  69  38  20  37]
 [ 28   6  79  71 572  57  63  98  18   8]
 [ 13   4  55 155  42 640  21  53   9   8]
 [ 11  12  36  68  51  36 760   6  11   9]
 [ 27   7  26  49  57  86  12 712   6  18]
 [ 66  43   9  13  10  13   2   7 793  44]
 [ 40  98  15  14   6  14  10  26  42 735]]