training confusion matrix:
 [[3000    0    0    0    0    0    0    0    0    0]
 [   0 3000    0    0    0    0    0    0    0    0]
 [   0    0 3000    0    0    0    0    0    0    0]
 [   0    0    0 3000    0    0    0    0    0    0]
 [   0    0    0    0 3000    0    0    0    0    0]
 [   0    0    0    0    0 3000    0    0    0    0]
 [   0    0    0    0    0    0 3000    0    0    0]
 [   0    0    0    0    0    0    0 3000    0    0]
 [   0    0    0    0    0    0    0    0 3000    0]
 [   0    0    0    0    0    0    0    0    0 3000]]

validation confusion matrix:
 [[885  10  25  11   7   2   8   8  30  14]
 [  6 924   3   5   1   1   1   1  13  45]
 [ 56   1 754  44  50  28  37  18   8   4]
 [ 16   3  48 734  29  89  44  21   8   8]
 [ 10   4  26  40 839  20  25  30   6   0]
 [ 13   4  32 124  33 751  12  23   3   5]
 [  7   4  24  34  18   9 897   2   2   3]
 [ 13   2  18  24  34  21   2 879   2   5]
 [ 38  13   4   2   1   2   3   4 921  12]
 [ 15  43   1   3   5   1   3   1  14 914]]