training confusion matrix:
 [[4000    0    0    0    0    0    0    0    0    0]
 [   0 4000    0    0    0    0    0    0    0    0]
 [   0    0 4000    0    0    0    0    0    0    0]
 [   0    0    0 4000    0    0    0    0    0    0]
 [   0    0    0    0 4000    0    0    0    0    0]
 [   0    0    0    0    0 4000    0    0    0    0]
 [   0    0    0    0    0    0 4000    0    0    0]
 [   0    0    0    0    0    0    0 4000    0    0]
 [   0    0    0    0    0    0    0    0 4000    0]
 [   0    0    0    0    0    0    0    0    0 4000]]

validation confusion matrix:
 [[887   9  19   9  11   4   4   5  37  15]
 [  4 944   2   1   1   2   2   2  10  32]
 [ 36   2 786  39  60  23  33  11   6   4]
 [ 10   3  39 743  45  96  25  22   7  10]
 [ 11   1  30  31 848  16  22  33   7   1]
 [  9   2  26 112  32 767  14  32   3   3]
 [ 11   2  28  32  15   9 896   3   2   2]
 [  8   1   9  26  36  24   1 891   2   2]
 [ 28   9   3   8   4   1   2   2 936   7]
 [ 18  48   1   8   1   3   4   3  12 902]]