training confusion matrix:
 [[1000    0    0    0    0    0    0    0    0    0]
 [   0 1000    0    0    0    0    0    0    0    0]
 [   0    0 1000    0    0    0    0    0    0    0]
 [   0    0    0 1000    0    0    0    0    0    0]
 [   0    0    0    0 1000    0    0    0    0    0]
 [   0    0    0    0    0 1000    0    0    0    0]
 [   0    0    0    0    0    0 1000    0    0    0]
 [   0    0    0    0    0    0    0 1000    0    0]
 [   0    0    0    0    0    0    0    0 1000    0]
 [   0    0    0    0    0    0    0    0    0 1000]]

validation confusion matrix:
 [[814  18  29  17  13   5   6   7  72  19]
 [  8 888   7   8   1   0   3   1  15  69]
 [ 56   7 695  61  64  33  48  21  11   4]
 [ 20   8  59 628  46 154  42  23  12   8]
 [ 24   2  57  56 740  23  28  52  16   2]
 [  7   2  51 161  36 683  17  30   7   6]
 [  8   4  33  46  27  23 847   1   9   2]
 [ 10   2  26  43  39  47   4 821   5   3]
 [ 49  27  13   4   3   1   2   1 885  15]
 [ 24  68   4   9   6   2   2   8  26 851]]