training confusion matrix:
 [[982   0   6   2   2   0   0   0   8   0]
 [  0 992   0   0   0   0   1   0   4   3]
 [  8   1 951   8  12   4  13   1   2   0]
 [  0   0  10 972   2   9   6   0   1   0]
 [  7   0   9   4 958   3  11   3   5   0]
 [  3   0   8  15  10 953   7   4   0   0]
 [  1   0   4   2   1   1 990   0   0   1]
 [  0   0   0   4   3   1   1 991   0   0]
 [  7   1   0   3   1   1   2   0 982   3]
 [  2   1   1   0   2   1   0   0   7 986]]

validation confusion matrix:
 [[677  20  53  33  19  13  19  14 105  47]
 [ 38 693  10  25   7   7  15  14  49 142]
 [ 75  13 454 108 120  76  83  43  14  14]
 [ 20  11  74 437  56 201 107  44  26  24]
 [ 39   4 115  77 508  51  87  88  24   7]
 [ 19   6  78 200  48 510  43  73  14   9]
 [  8  10  44  75  57  29 741  13  12  11]
 [ 31   4  36  80  56  84  26 642   6  35]
 [ 93  52  20  26  14   8  11   5 730  41]
 [ 41 138  14  27   8  18  15  31  58 650]]