training confusion matrix:
 [[1000    0    0    0    0    0    0    0    0    0]
 [   0 1000    0    0    0    0    0    0    0    0]
 [   0    0 1000    0    0    0    0    0    0    0]
 [   0    0    0 1000    0    0    0    0    0    0]
 [   0    0    0    0 1000    0    0    0    0    0]
 [   0    0    0    0    0 1000    0    0    0    0]
 [   0    0    0    0    0    0 1000    0    0    0]
 [   0    0    0    0    0    0    0 1000    0    0]
 [   0    0    0    0    0    0    0    0 1000    0]
 [   0    0    0    0    0    0    0    0    0 1000]]

validation confusion matrix:
 [[818  13  30  16  15   5  13  14  52  24]
 [ 29 861   4  11   4   1   9   2  19  60]
 [ 84   4 604  57  88  48  58  37   9  11]
 [ 36   6  69 554  46 141  88  36  16   8]
 [ 24   5  54  46 711  30  53  61  14   2]
 [ 15   4  39 158  43 636  33  55  11   6]
 [ 11   3  32  42  36  24 828  12   8   4]
 [ 19   1  26  33  60  58  11 778   1  13]
 [ 74  21   6  12   3   1   6  11 850  16]
 [ 28  50   5  10   7   7   8  17  27 841]]