training confusion matrix:
 [[3136   93  153   60   58   43   41   51  251  114]
 [  85 3436   21   41   30   14   36   23   88  226]
 [ 184   35 2604  180  323  221  257   82   70   44]
 [  68   30  237 2522  183  481  290   86   51   52]
 [ 106   21  275  209 2693  105  243  262   46   40]
 [  25   23  221  511  185 2677  135  161   25   37]
 [  21   32  144  128  184   70 3358   25   21   17]
 [  51   20  107  144  217  154   43 3176   22   66]
 [ 167  121   42   52   40   21   20    7 3421  109]
 [  73  235   30   48   21   32   46   50  103 3362]]

validation confusion matrix:
 [[694  30  53  18  18  10  15  16  99  47]
 [ 33 733  13  12   8   5  19   5  44 128]
 [ 63  11 512  68 121  69  89  28  24  15]
 [ 17  11  80 426  75 206 104  46  15  20]
 [ 36  11  91  50 570  29  91  95  13  14]
 [ 14   5  87 193  57 522  48  56  10   8]
 [ 10  18  59  58  62  24 732  15   6  16]
 [ 18   8  37  53  89  76  20 660   8  31]
 [ 80  43  17  18  14   5  10   8 765  40]
 [ 35 141  12  23   7   9  15  30  41 687]]