training confusion matrix:
 [[4000    0    0    0    0    0    0    0    0    0]
 [   0 4000    0    0    0    0    0    0    0    0]
 [   0    0 4000    0    0    0    0    0    0    0]
 [   0    0    0 4000    0    0    0    0    0    0]
 [   0    0    0    0 4000    0    0    0    0    0]
 [   0    0    0    0    0 4000    0    0    0    0]
 [   0    0    0    0    0    0 4000    0    0    0]
 [   0    0    0    0    0    0    0 4000    0    0]
 [   0    0    0    0    0    0    0    0 4000    0]
 [   0    0    0    0    0    0    0    0    0 4000]]

validation confusion matrix:
 [[915   9  16   5   7   3   5   5  29   6]
 [  3 948   1   3   1   1   4   1  11  27]
 [ 43   2 786  29  50  30  37   9  12   2]
 [ 16   3  38 711  39 123  34  18  10   8]
 [ 12   0  29  22 854  21  18  37   6   1]
 [ 10   0  21  78  30 821   6  29   2   3]
 [ 11   2  28  19  14  12 908   2   0   4]
 [  7   0  11  26  27  21   1 903   2   2]
 [ 28  12   5   2   3   1   2   0 938   9]
 [ 17  38   1   8   1   0   3   6  19 907]]