training confusion matrix:
 [[3993    0    1    1    1    1    0    0    3    0]
 [   0 3997    1    1    0    0    0    0    0    1]
 [   5    1 3977    6    6    0    0    1    3    1]
 [   2    1    5 3974    8    6    2    0    2    0]
 [   0    0    4    4 3983    2    1    3    3    0]
 [   0    0    0   10    8 3977    1    2    2    0]
 [   1    0    1    0    3    1 3993    1    0    0]
 [   0    1    0    2    1    2    0 3994    0    0]
 [   0    1    0    0    0    0    0    1 3998    0]
 [   1    4    0    0    0    2    0    0    0 3993]]

validation confusion matrix:
 [[900   9  20  12   7   2   3   7  35   5]
 [  6 937   2   5   1   2   1   1  10  35]
 [ 41   1 778  41  63  27  18  17  11   3]
 [ 15   2  36 774  33  88  20  17   9   6]
 [ 13   0  19  25 870  15  10  37   9   2]
 [  8   1  28 139  46 731   6  36   2   3]
 [  9   4  36  27  27  12 874   3   4   4]
 [  9   1  13  24  44  27   3 876   2   1]
 [ 28   6   8   1   2   0   2   2 946   5]
 [ 23  37   3   7   4   0   1   6  17 902]]