training confusion matrix:
 [[4000    0    0    0    0    0    0    0    0    0]
 [   0 4000    0    0    0    0    0    0    0    0]
 [   0    0 4000    0    0    0    0    0    0    0]
 [   0    0    0 4000    0    0    0    0    0    0]
 [   0    0    0    0 4000    0    0    0    0    0]
 [   0    0    0    0    0 4000    0    0    0    0]
 [   0    0    0    0    0    0 4000    0    0    0]
 [   0    0    0    0    0    0    0 4000    0    0]
 [   0    0    0    0    0    0    0    0 4000    0]
 [   0    0    0    0    0    0    0    0    0 4000]]

validation confusion matrix:
 [[771  22  39  22  17  14   7   9  73  26]
 [ 23 825   9   9   4   5  13   3  29  80]
 [ 59   2 622  65  80  56  59  24  25   8]
 [ 21  10  72 522  51 177  66  51  18  12]
 [ 25   2  67  63 639  32  66  87  12   7]
 [ 10   3  79 159  42 604  26  58   9  10]
 [  9   7  48  60  37  23 792   5   8  11]
 [ 17   2  27  53  71  62   5 741   4  18]
 [ 57  24   8  16   1   2  13   9 848  22]
 [ 26  97   3  16  13   5   9  18  34 779]]