training confusion matrix:
 [[4000    0    0    0    0    0    0    0    0    0]
 [   0 4000    0    0    0    0    0    0    0    0]
 [   0    0 4000    0    0    0    0    0    0    0]
 [   0    0    0 4000    0    0    0    0    0    0]
 [   0    0    0    0 4000    0    0    0    0    0]
 [   0    0    0    0    0 4000    0    0    0    0]
 [   0    0    0    0    0    0 4000    0    0    0]
 [   0    0    0    0    0    0    0 4000    0    0]
 [   0    0    0    0    0    0    0    0 4000    0]
 [   0    0    0    0    0    0    0    0    0 4000]]

validation confusion matrix:
 [[777  14  43  14  23  14   6  10  76  23]
 [ 23 800   6  13   9   9  13   4  38  85]
 [ 56   2 577  68 103  69  72  17  26  10]
 [ 28   9  76 484  69 200  79  30  12  13]
 [ 32   4  69  41 687  39  41  62  14  11]
 [ 14   4  56 167  57 598  32  55   8   9]
 [ 18  10  47  47  44  34 771  12   7  10]
 [  9   5  41  48  74  51  17 724   8  23]
 [ 70  30  13  17   5   4  11   6 822  22]
 [ 36 111  12  14  12  14  13  23  30 735]]