training confusion matrix:
 [[3822    9   37    2   29    6    9   53   18   15]
 [  34 3903    7    2    7    7    8    9    3   20]
 [ 315    1 2665    8  548  131  114  201   12    5]
 [ 123   20  160   47  328 2802  140  338   23   19]
 [  53    1   84    0 3591   44   23  197    6    1]
 [  33   13   82   11  135 3279   25  414    5    3]
 [  24    3   67    8   77   57 3719   43    2    0]
 [  20    2   15    1   34   25    4 3891    3    5]
 [ 267   29   15    0   25   10    8   19 3609   18]
 [  74  119   11    2   18   13   13   45    8 3697]]

validation confusion matrix:
 [[882   7  26   1  22   9  10  16  19   8]
 [ 22 925   4   0   6   6   3   7   8  19]
 [ 94   1 545   1 158  57  64  71   6   3]
 [ 46   5  51   8 106 590  69 109   8   8]
 [ 31   0  38   1 777  33  21  93   6   0]
 [ 14   3  29   1  66 714  13 152   2   6]
 [ 14   4  43   6  58  51 794  21   4   5]
 [ 12   2   6   3  33  21   5 912   4   2]
 [104  26  11   1  10   7   5  12 809  15]
 [ 47 103   7   0   9   5   3  24   9 793]]