training confusion matrix:
 [[3486   43   70   40   43   26   21   26  143  102]
 [  62 3629   16   31   18    7   20   14   65  138]
 [ 145   23 3025  113  226  111  169  107   51   30]
 [  39   27  162 3005  155  277  177   87   38   33]
 [  89   11  174  143 3133   74  157  152   47   20]
 [  35   19  176  341  149 3026   91  103   20   40]
 [  29   16   94  111  148   43 3499   24   15   21]
 [  28   11   79  115  155   78   26 3445   15   48]
 [ 134   78   37   40   23   11   16    7 3598   56]
 [  91  153   40   26   16   28   28   34   62 3522]]

validation confusion matrix:
 [[702  31  43  20  24  15  12  17  92  44]
 [ 29 725   6  12  13   9  15  10  49 132]
 [ 85   4 507  78 108  66  83  31  24  14]
 [ 25   9  93 421  76 178 102  56  19  21]
 [ 33  10 102  42 574  35  68 105  19  12]
 [ 16   7  82 203  60 497  46  62  16  11]
 [ 13  17  68  68  68  25 697  18   8  18]
 [ 21  11  39  73  80  59  16 654  10  37]
 [ 95  42  18  12  17   6   9   9 763  29]
 [ 48 140  13  11   5  10  22  30  49 672]]