training confusion matrix:
 [[2398    2    0    0    0    0    0    0    0    0]
 [   0 2399    0    0    0    0    0    0    0    1]
 [   0    1 2399    0    0    0    0    0    0    0]
 [   0    0    0 2000    0    0    0    0    0    0]
 [   0    0    0    0 2000    0    0    0    0    0]
 [   0    0    0    0    0 1600    0    0    0    0]
 [   0    0    0    0    0    0 2000    0    0    0]
 [   0    0    0    0    0    0    0 2400    0    0]
 [   0    0    0    0    0    0    0    0 2000    0]
 [   0    0    0    0    0    0    0    0    0 2400]]

validation confusion matrix:
 [[505   1  16  13   0  23  25   0  11   6]
 [  0 575   7   0   0  13   1   0   0   4]
 [  7   2 480  19  12  13  49   7   9   2]
 [ 21   0  19 359  25   6  26  15  29   0]
 [  0   0   5   8 476   0   2   9   0   0]
 [  3  10  23   6   0 334  12   0  11   1]
 [ 23   0  48  17   3  13 387   3   6   0]
 [  0   0   4   4   4   1   0 585   2   0]
 [ 32   8  11  45   4  30  13   1 356   0]
 [  3   2   0   0   0   3   0   0   3 589]]