training confusion matrix:
 [[4000    0    0    0    0    0    0    0    0    0]
 [   0 4000    0    0    0    0    0    0    0    0]
 [   0    0 4000    0    0    0    0    0    0    0]
 [   0    0    0 4000    0    0    0    0    0    0]
 [   0    0    0    0 4000    0    0    0    0    0]
 [   0    0    0    0    0 4000    0    0    0    0]
 [   0    0    0    0    0    0 4000    0    0    0]
 [   0    0    0    0    0    0    0 4000    0    0]
 [   0    0    0    0    0    0    0    0 4000    0]
 [   0    0    0    0    0    0    0    0    0 4000]]

validation confusion matrix:
 [[741  18  49  20  20  16  12  19  74  31]
 [ 31 765  13   9   9   8  16  12  29 108]
 [ 51   8 576  78  95  63  69  28  20  12]
 [ 21   3  77 532  59 168  71  46  13  10]
 [ 25   5  78  67 624  43  56  85  13   4]
 [ 13   3  64 188  52 580  33  56  10   1]
 [ 13   9  50  72  49  35 734  17   5  16]
 [ 12   4  22  55  67  80  12 717   6  25]
 [ 82  44  17  20   6   8  13   5 776  29]
 [ 30 103  11  19  10  17  15  19  29 747]]