training confusion matrix:
 [[3110   92  118   38   41   26   34   70  303  168]
 [  44 3502   18   24   10    9   39   21   98  235]
 [ 224   39 2568  147  316  213  269  121   60   43]
 [  55   45  252 2248  153  675  323  111   69   69]
 [ 118   13  208  122 2824   92  222  294   71   36]
 [  29   22  231  394  149 2777  140  190   32   36]
 [  17   20  116  118  108   53 3507   19   25   17]
 [  39   14   73   88  165  165   37 3335   21   63]
 [ 151  127   28   34   28   20   23   11 3488   90]
 [  82  302   16   33   15   16   26   45   84 3381]]

validation confusion matrix:
 [[683  22  47  19  13  15  10  21 121  49]
 [ 25 794   4   4   2   1  19   6  37 108]
 [ 69   8 529  62 108  70  98  28  17  11]
 [ 17   9  94 389  77 221  99  46  26  22]
 [ 44   9  76  37 585  28  85 104  20  12]
 [ 15   6  77 133  46 589  56  60   7  11]
 [  5  13  42  40  48  25 792   5  11  19]
 [ 15   5  34  36  58  67  10 735   8  32]
 [ 64  44  15  10   9   7  11   8 803  29]
 [ 33 141   6   7   5  10  12  27  33 726]]