training confusion matrix:
 [[5000    0    0    0    0    0    0    0    0    0]
 [   0 5000    0    0    0    0    0    0    0    0]
 [   0    0 5000    0    0    0    0    0    0    0]
 [   0    0    0 5000    0    0    0    0    0    0]
 [   0    0    0    0 5000    0    0    0    0    0]
 [   0    0    0    0    0 5000    0    0    0    0]
 [   0    0    0    0    0    0 5000    0    0    0]
 [   0    0    0    0    0    0    0 5000    0    0]
 [   0    0    0    0    0    0    0    0 5000    0]
 [   0    0    0    0    0    0    0    0    0 5000]]

validation confusion matrix:
 [[906   5  16  11  10   2   1   4  34  11]
 [  6 920   3   4   1   1   1   3  14  47]
 [ 40   0 818  25  48  18  29  10   3   9]
 [ 20   4  46 716  34 113  38  16   9   4]
 [ 13   2  44  37 848  14  14  22   5   1]
 [  8   1  35 113  23 783  12  20   2   3]
 [  5   3  23  30   8  14 913   0   3   1]
 [  7   0  19  22  28  29   1 887   3   4]
 [ 32  14   9   3   3   2   1   1 920  15]
 [ 17  33   6   5   3   0   4   3  22 907]]