training confusion matrix:
 [[5000    0    0    0    0    0    0    0    0    0]
 [   0 5000    0    0    0    0    0    0    0    0]
 [   0    0 5000    0    0    0    0    0    0    0]
 [   0    0    0 5000    0    0    0    0    0    0]
 [   0    0    0    0 5000    0    0    0    0    0]
 [   0    0    0    0    0 5000    0    0    0    0]
 [   0    0    0    0    0    0 5000    0    0    0]
 [   0    0    0    0    0    0    0 5000    0    0]
 [   0    0    0    0    0    0    0    0 5000    0]
 [   0    0    0    0    0    0    0    0    0 5000]]

validation confusion matrix:
 [[892  10  20  12   5   3   5   3  40  10]
 [  7 950   0   3   3   0   1   0   8  28]
 [ 37   0 825  29  47  23  24   9   5   1]
 [ 18   3  31 764  25 109  24   8  11   7]
 [  4   0  23  38 879  16  16  18   6   0]
 [  5   3  22  95  20 834   5  13   1   2]
 [  7   1  21  22  16   9 919   1   2   2]
 [  8   0   9  21  21  21   1 912   2   5]
 [ 26   6   3   3   0   3   3   1 945  10]
 [  9  46   4   1   2   1   2   4  12 919]]