training confusion matrix:
 [[4000    0    0    0    0    0    0    0    0    0]
 [   0 4000    0    0    0    0    0    0    0    0]
 [   0    0 4000    0    0    0    0    0    0    0]
 [   0    0    0 4000    0    0    0    0    0    0]
 [   0    0    0    0 4000    0    0    0    0    0]
 [   0    0    0    0    0 4000    0    0    0    0]
 [   0    0    0    0    0    0 4000    0    0    0]
 [   0    0    0    0    0    0    0 4000    0    0]
 [   0    0    0    0    0    0    0    0 4000    0]
 [   0    0    0    0    0    0    0    0    0 4000]]

validation confusion matrix:
 [[854  11  27  13  13   6   6  10  38  22]
 [ 12 920   3   4   1   2   5   3  14  36]
 [ 40   2 738  49  70  32  38  18   8   5]
 [ 17   3  42 648  53 144  47  31   9   6]
 [ 15   0  36  38 792  32  24  55   6   2]
 [  9   0  30 120  34 745  12  43   2   5]
 [ 10   6  30  28  32  20 862   4   4   4]
 [ 10   2  20  31  35  39   2 853   2   6]
 [ 32  15  11   6   5   2   2   2 912  13]
 [ 30  60   5   5   6   5   4   7  14 864]]