training confusion matrix:
 [[ 620  121    3    8    9  144  174  115 2603  203]
 [  18 3381    1    1    0   38   69   32  181  279]
 [ 421   47   11   31   58 1295 1420  480  205   32]
 [ 100   50    6   16   22 2888  659  149   40   70]
 [ 160   66    7    6  106  565 1167 1777   65   81]
 [  25   15    1    5    9 3324  288  292   16   25]
 [  47   23    0    9    7  306 3553   27   18   10]
 [  70   40    0    2   14  510  149 3083   27  105]
 [ 270  280    1    0    2   66   49   19 3086  227]
 [  31  338    0    1    4   44   39   68  245 3230]]

validation confusion matrix:
 [[164  28   0   0   3  28  57  21 650  49]
 [  6 824   0   0   0  14  22  11  52  71]
 [108   7   0  11  15 292 403  97  52  15]
 [ 32   4   1   1   5 701 195  39   7  15]
 [ 58  17   1   2  28 125 323 402  25  19]
 [ 11   6   1   1   6 828  62  72   2  11]
 [ 14   3   0   1   2  68 893   6   5   8]
 [ 21   8   0   1   9 143  37 747   7  27]
 [ 81  51   0   0   0  17  16   2 772  61]
 [  7 104   0   1   1  13  13  13  62 786]]