training confusion matrix:
 [[2399    1    0    0    0    0    0    0    0    0]
 [   0 2400    0    0    0    0    0    0    0    0]
 [   0    0 2400    0    0    0    0    0    0    0]
 [   0    0    0 2000    0    0    0    0    0    0]
 [   0    0    0    0 2000    0    0    0    0    0]
 [   0    0    0    0    0 1600    0    0    0    0]
 [   0    0    0    0    0    0 2000    0    0    0]
 [   0    0    0    0    0    0    0 2400    0    0]
 [   0    0    0    0    0    0    0    0 2000    0]
 [   0    0    0    0    0    0    0    0    0 2400]]

validation confusion matrix:
 [[519   1   8  11   0  15  23   0  19   4]
 [  0 584   3   0   0  10   0   0   2   1]
 [  8   3 472  18  10  14  54  11   9   1]
 [ 21   0  18 331  28  11  25  19  47   0]
 [  1   0   1   7 480   0   0  10   1   0]
 [  2  10  18   5   0 338   9   1  16   1]
 [ 29   0  47  15   7  15 370   5  12   0]
 [  0   1   1   3   2   0   0 591   2   0]
 [ 26   8   9  51   3  32   3   1 366   1]
 [  4   3   0   0   0   2   0   0   2 589]]