training confusion matrix:
 [[   0 3999    0    0    0    0    0    1    0    0]
 [   0 4000    0    0    0    0    0    0    0    0]
 [   0 3992    0    0    0    0    0    6    0    2]
 [   0 3961    0    0    0    0    1   15    0   23]
 [   0 3965    0    0    1    4    4   11    0   15]
 [   0 3975    0    0    0    0    0   10    0   15]
 [   0 3982    0    0    0    0    1    6    0   11]
 [   0 3983    0    0    0    0    0    9    1    7]
 [   0 3996    0    0    0    0    0    2    0    2]
 [   0 4000    0    0    0    0    0    0    0    0]]

validation confusion matrix:
 [[   0  999    0    0    0    0    0    0    1    0]
 [   0 1000    0    0    0    0    0    0    0    0]
 [   0  997    0    0    0    0    0    2    0    1]
 [   0  990    0    0    0    0    0    4    0    6]
 [   0  996    0    0    0    1    0    2    0    1]
 [   0  996    0    0    0    0    0    2    0    2]
 [   0  995    0    0    0    0    0    4    0    1]
 [   0  995    0    0    0    0    0    3    0    2]
 [   0 1000    0    0    0    0    0    0    0    0]
 [   0 1000    0    0    0    0    0    0    0    0]]