training confusion matrix:
 [[2491  200  660    4   18    7    0  550   63    7]
 [   5 3865    4    3    1    4    1  112    0    5]
 [  11    6 3203   10  106   24    6  629    4    1]
 [   8   66  407 1617  119  340   12 1417   10    4]
 [   4    9  153   14 2439   12    1 1366    1    1]
 [   2   28  204  112   53 2376    3 1221    0    1]
 [  15  138  407  113  200   43 2222  852    7    3]
 [   0    3   14    3    8    3    0 3968    0    1]
 [  66  227  117    1   18    2    1  340 3219    9]
 [  17  544   37    2    4    5    0  524   13 2854]]

validation confusion matrix:
 [[502  68 187   3  16   9   2 146  51  16]
 [  8 848  12   1   3   5   4  65  13  41]
 [ 21   9 598  18  80  36   9 227   2   0]
 [  7  21 157 210  64 138  14 378   6   5]
 [  9   6  87  15 445  10   9 411   7   1]
 [  4  11  99  51  32 426   2 370   1   4]
 [  3  44 117  49  74  20 421 255   5  12]
 [  2   2  15   5  17  13   2 941   1   2]
 [ 44  80  62   5   8   0   2 124 667   8]
 [ 22 242  18   4   7   6   2 173  19 507]]