training confusion matrix:
 [[3511   23  242   16   40    7   16   28   81   36]
 [  30 3901   13    4    3    1    5    3   11   29]
 [  52    6 3579   72  125   26   91   31   14    4]
 [  20    9  129 3214   90  344  136   25   19   14]
 [  14    3   51   41 3748   26   54   49    9    5]
 [  19    6   83  418   91 3212   60   91   15    5]
 [   7   11   58  108   37   25 3734    3    7   10]
 [   6    3   13   16   43   31    9 3874    4    1]
 [ 186   64   38    6   20    4   11   11 3628   32]
 [  32  125    7   11    9    2    3   17   12 3782]]

validation confusion matrix:
 [[694  28 111  18  26  12  15  15  50  31]
 [ 27 832   9   7   5   3   6   8  23  80]
 [ 33   4 597  65 137  43  66  36  11   8]
 [ 18   7 103 491  79 161  70  40  13  18]
 [ 17   7  74  50 649  39  75  77   9   3]
 [ 15   1  87 162  75 537  40  68   6   9]
 [  4   8  55  71  54  12 770   5   6  15]
 [ 12   9  38  40  78  40   3 767   5   8]
 [ 95  48  11  17  20   7  12  11 751  28]
 [ 35 114  13   8   9  11   3  26  24 757]]