training confusion matrix:
 [[4000    0    0    0    0    0    0    0    0    0]
 [   0 4000    0    0    0    0    0    0    0    0]
 [   0    0 4000    0    0    0    0    0    0    0]
 [   0    0    0 4000    0    0    0    0    0    0]
 [   0    0    0    0 4000    0    0    0    0    0]
 [   0    0    0    0    0 4000    0    0    0    0]
 [   0    0    0    0    0    0 4000    0    0    0]
 [   0    0    0    0    0    0    0 4000    0    0]
 [   0    0    0    0    0    0    0    0 4000    0]
 [   0    0    0    0    0    0    0    0    0 4000]]

validation confusion matrix:
 [[820  12  28  19  20   7   9  12  51  22]
 [ 15 868   5   7   5   4  11   1  23  61]
 [ 42   0 702  51  81  43  43  20  10   8]
 [ 18   1  80 581  51 157  59  31  11  11]
 [ 20   4  72  48 717  36  31  58   7   7]
 [ 15   1  39 147  37 693  22  39   3   4]
 [ 17   7  47  40  27  25 821   6   6   4]
 [ 12   1  23  40  48  46   4 816   4   6]
 [ 46  27   9   7   6   1   3   7 870  24]
 [ 25  74  10  14  10   7   6  15  30 809]]