training confusion matrix:
 [[3668   29   77   34   15   18   16   19   82   42]
 [  24 3811   10   16    7    2   16    7   28   79]
 [ 108    7 3363   97  134   73  125   45   30   18]
 [  26    9   85 3461   59  178  101   38   16   27]
 [  51    5   99   63 3572   48   63   69   19   11]
 [  15    3   62  179   76 3537   56   48   12   12]
 [   6    7   70   66   52   36 3740    5   15    3]
 [  18    5   62   69   94   37   15 3680    3   17]
 [  55   19   19   19    7    6   11    2 3836   26]
 [  36   59   10   25    9   10    7    7   20 3817]]

validation confusion matrix:
 [[737  27  43  27  13   7   9  14  82  41]
 [ 32 755   7   7   8   2  15   5  37 132]
 [ 67   8 539  80 100  71  69  32  25   9]
 [ 25  11  82 469  60 192  90  41  15  15]
 [ 32   5  87  42 620  37  60  94   9  14]
 [  8   5  70 169  51 588  33  64   7   5]
 [ 10  10  53  63  42  23 770  10   9  10]
 [ 16   2  31  60  82  64  12 700   7  26]
 [ 75  43  15   9  11   4  10   7 792  34]
 [ 39 116  11  17   6   8   8  20  37 738]]