training confusion matrix:
 [[2399    1    0    0    0    0    0    0    0    0]
 [   0 2399    0    0    0    0    0    0    0    1]
 [   0    0 2400    0    0    0    0    0    0    0]
 [   0    0    0 2000    0    0    0    0    0    0]
 [   0    0    0    0 2000    0    0    0    0    0]
 [   0    0    0    0    0 1600    0    0    0    0]
 [   0    0    0    0    0    0 2000    0    0    0]
 [   0    0    0    0    0    0    0 2400    0    0]
 [   0    1    0    0    0    0    0    0 1999    0]
 [   0    2    0    0    0    0    0    0    0 2398]]

validation confusion matrix:
 [[512   1  11  13   0  19  21   0  14   9]
 [  0 578   2   0   0  15   0   0   0   5]
 [  7   4 497  17   9  12  48   4   2   0]
 [ 15   0  14 342  34  12  30  23  30   0]
 [  0   0   3  13 473   0   2   9   0   0]
 [  4  11  15   3   0 336  13   0  16   2]
 [ 28   0  38  16   3  13 387   3  12   0]
 [  0   0   0   6   4   0   0 589   1   0]
 [ 31   9  10  30   3  24   8   0 383   2]
 [  1   4   0   0   0   0   0   0   0 595]]