training confusion matrix:
 [[2303    9   11    1    0   40   21    1    2   12]
 [   0 2365    0    0    0   31    0    0    1    3]
 [  16   20 2143   10    0   91   94   10    8    8]
 [  32    4   14 1793    3   62   39   12   41    0]
 [   0    0    0    1 1992    0    0    7    0    0]
 [   7   39    3    0    0 1536    5    1    7    2]
 [  31    1   18    1    1   35 1907    2    4    0]
 [   0    0    0    0    0    0    8 2392    0    0]
 [  16   21    5   13    0   75    7    0 1860    3]
 [   9   18    0    0    0    3    0    0    1 2369]]

validation confusion matrix:
 [[512   1  13  11   0  26  16   0  11  10]
 [  0 577   1   0   0  17   1   0   0   4]
 [ 15   5 420  22   6  27  76  10  16   3]
 [ 37   0  22 290  21  23  40  17  50   0]
 [  1   0   4   6 461   1   7  18   2   0]
 [  5  17   6   1   0 352   8   0   9   2]
 [ 29   0  35  17   3  18 383   3  11   1]
 [  0   1   5   5  13   0   7 568   1   0]
 [ 34  13  14  38   8  36  11   2 342   2]
 [  6   8   0   0   0   3   0   0   3 580]]