training confusion matrix:
 [[2368    5    2    0    0    6   10    0    0    9]
 [   0 2383    5    0    0    7    0    0    1    4]
 [   6    2 2362    0    0   14   15    0    0    1]
 [   0    1    0 1996    2    0    0    1    0    0]
 [   0    0    0    0 1994    0    3    3    0    0]
 [   7    1    8    0    0 1582    1    0    0    1]
 [   4    0    7    0    1    1 1987    0    0    0]
 [   0    0    1    0    2    0    0 2397    0    0]
 [   1    2    0    3    0    2    0    0 1990    2]
 [   1    1    0    0    0    2    0    0    1 2395]]

validation confusion matrix:
 [[578   1   1   0   0   7  11   0   1   1]
 [  1 591   2   0   0   4   0   0   0   2]
 [  0   1 583   0   0   6  10   0   0   0]
 [  0   0   1 472  15   0   4   4   3   1]
 [  0   0   0   4 492   0   0   3   1   0]
 [  5   1   5   0   0 387   1   0   0   1]
 [ 11   0  14   0   0   1 473   0   1   0]
 [  0   0   1   0   1   0   1 597   0   0]
 [  5   1   0   6   0   1   1   0 483   3]
 [  0   0   0   0   0   0   0   0   2 598]]