training confusion matrix:
 [[ 102  358   12   23   10  177  388   11 2862   57]
 [   6 3643    1    1    1   31  220    4   73   20]
 [ 143   92  135  138   95 1152 1736   97  329   83]
 [  13   78   10   46    8 2485 1262   15   67   16]
 [  79   59   65   79  145  507 2554  285  152   75]
 [   4   37    4   21   10 3180  686   19   20   19]
 [   4   16    3    8    3   91 3853    2   17    3]
 [  38  183   38   80   96 1013 1109 1233   52  158]
 [   8  420    4   13    1   91  201    4 3236   22]
 [   5 3503    0    7    3   72  280    6  101   23]]

validation confusion matrix:
 [[ 19 102   1   5   4  56 116   5 681  11]
 [  1 874   0   2   0  16  66   0  34   7]
 [ 27  29  28  42  22 276 431  29  95  21]
 [  9  20   3  12   6 548 378   2  16   6]
 [ 24  18   6  18  42 129 633  60  55  15]
 [  2  11   2  10   7 720 225   9   9   5]
 [  1  10   1   2   0  32 945   2   5   2]
 [  7  45  12  20  21 278 291 259  21  46]
 [  6 133   1   2   0  33  72   0 745   8]
 [  0 825   0   2   1  28  92   2  37  13]]