training confusion matrix:
 [[3920    0   35    8    5    0    1    0   31    0]
 [   4 3980    1    4    0    1    1    0    4    5]
 [  34    0 3915   14   18    5   12    0    2    0]
 [   5    0   33 3891    8   33   21    1    5    3]
 [   2    0   73   26 3873    3    9    6    7    1]
 [   2    0   33  128   12 3814    4    6    1    0]
 [   1    0   51   30    5    2 3909    0    1    1]
 [   3    0   16   27   18    7    1 3927    0    1]
 [  16    4    8    7    2    1    3    0 3959    0]
 [   8   11    4    4    0    1    1    0   12 3959]]

validation confusion matrix:
 [[760  12  54  26  26  12   7  10  65  28]
 [ 34 805   9  20  11   6   9   2  29  75]
 [ 47   7 666  72  64  60  46  15  15   8]
 [ 19   6  99 558  33 179  53  36   9   8]
 [ 30   4 129  60 624  31  40  60  14   8]
 [ 12   5  93 193  40 591  19  37   8   2]
 [  8  10  59  77  40  35 751   5   5  10]
 [ 21   3  55  62  69  55   9 699  10  17]
 [ 81  30  15  21   6  10   8   4 806  19]
 [ 31 104  12  32   6  11   6  16  37 745]]