training confusion matrix:
 [[240   0   0   0   0   0   0   0   0   0]
 [  0 240   0   0   0   0   0   0   0   0]
 [  0   0 240   0   0   0   0   0   0   0]
 [  0   0   0 200   0   0   0   0   0   0]
 [  0   0   0   0 200   0   0   0   0   0]
 [  0   0   0   0   0 160   0   0   0   0]
 [  0   0   0   0   0   0 200   0   0   0]
 [  0   0   0   0   0   0   0 240   0   0]
 [  0   0   0   0   0   0   0   0 200   0]
 [  0   0   0   0   0   0   0   0   0 240]]

validation confusion matrix:
 [[474   2  13  23   0  23  32   1  18  14]
 [  0 547   6   1   0  36   0   0   0  10]
 [ 11   3 436  11  15  15  75   6  19   9]
 [ 33   1  20 244  42  18  51  30  61   0]
 [  1   0   2   5 474   0   1  14   3   0]
 [  9  15  19   8   0 301  19   0  27   2]
 [ 35   0  64  23   1  20 342   6   9   0]
 [  0   0   2  14   6   1   8 567   2   0]
 [ 37  24  15  56   4  46  12   5 297   4]
 [  5  13   0   0   0   0   0   0   2 580]]