training confusion matrix:
 [[231   0   1   0   0   6   1   0   1   0]
 [  0 237   1   0   0   2   0   0   0   0]
 [  0   3 224   1   0   5   6   0   1   0]
 [  1   0   1 196   0   0   1   0   1   0]
 [  0   0   0   0 200   0   0   0   0   0]
 [  0   4   0   0   0 154   0   0   2   0]
 [  0   0   2   0   0   3 194   0   1   0]
 [  0   0   0   0   0   0   0 240   0   0]
 [  0   3   0   0   0   1   0   0 196   0]
 [  0  38   0   0   0   3   0   0   1 198]]

validation confusion matrix:
 [[426   3  33  23   1  23  43   0  45   3]
 [  0 569   6   2   0  18   0   0   4   1]
 [ 20   6 353  34  12  16 112  18  26   3]
 [ 43   0  40 209  26  11  63  26  82   0]
 [  1   0  12   9 426   1  15  21  15   0]
 [  3  30  16   5   0 291  18   1  35   1]
 [ 36   0  93  15  11  14 293   9  29   0]
 [  0   0  24  14  12   1  18 524   7   0]
 [ 26  16   9  60   6  37  13   6 326   1]
 [  6  95   1   0   0  10   1   0   9 478]]