training confusion matrix:
 [[240   0   0   0   0   0   0   0   0   0]
 [  0 240   0   0   0   0   0   0   0   0]
 [  0   0 240   0   0   0   0   0   0   0]
 [  0   0   0 200   0   0   0   0   0   0]
 [  0   0   0   0 200   0   0   0   0   0]
 [  0   0   0   0   0 160   0   0   0   0]
 [  0   0   0   0   0   0 200   0   0   0]
 [  0   0   0   0   0   0   0 240   0   0]
 [  0   0   0   0   0   0   0   0 200   0]
 [  0   0   0   0   0   0   0   0   0 240]]

validation confusion matrix:
 [[500   3  16  14   0  13  28   0  13  13]
 [  0 578   6   0   0  11   0   0   1   4]
 [  7   4 464  19  14  11  46  21   8   6]
 [ 41   0  42 267  38  17  29  40  26   0]
 [  0   0   0   5 469   0   1  25   0   0]
 [  6  18  31   8   0 312  11   1  12   1]
 [ 23   0  91  35  14   9 313   8   6   1]
 [  0   0   0   4   6   0   4 585   1   0]
 [ 37  16  18  41   8  17   7   5 348   3]
 [  2   4   0   0   1   3   0   0   1 589]]