training confusion matrix:
 [[5000    0    0    0    0    0    0    0    0    0]
 [   0 5000    0    0    0    0    0    0    0    0]
 [   0    0 5000    0    0    0    0    0    0    0]
 [   0    0    0 5000    0    0    0    0    0    0]
 [   0    0    0    0 5000    0    0    0    0    0]
 [   0    0    0    0    0 5000    0    0    0    0]
 [   0    0    0    0    0    0 5000    0    0    0]
 [   0    0    0    0    0    0    0 5000    0    0]
 [   0    0    0    0    0    0    0    0 5000    0]
 [   0    0    0    0    0    0    0    0    0 5000]]

validation confusion matrix:
 [[866   8  34  10  14   4   6   5  39  14]
 [  8 898   6   4   3   3  10   2  15  51]
 [ 52   2 724  49  64  36  38  22   8   5]
 [ 17   4  45 617  51 163  51  25  12  15]
 [ 13   3  46  40 818  21  27  27   3   2]
 [ 12   3  36 136  25 727  24  28   5   4]
 [  4   4  28  45  28  22 862   1   5   1]
 [  9   1  33  25  54  31   4 836   3   4]
 [ 38  17  15   9   0   4   2   3 897  15]
 [ 24  47   3   9   5   6   5   8  20 873]]