training confusion matrix:
 [[2980   90  135    1   56   52   28   53  447  158]
 [  67 3404   13    3   12   23   34   22  156  266]
 [ 265   49 2309   17  432  417  235  145   99   32]
 [ 105   33  308   32  213 2584  457  112   80   76]
 [ 132   33  233    4 2634  279  195  371   74   45]
 [  28   17  194    4  191 3218   89  210   18   31]
 [  43   32  160   10   98  173 3413   22   30   19]
 [  58   32  121    2  208  307   52 3097   30   93]
 [ 224  122   42    2    9   22   28    6 3423  122]
 [ 101  246   21    1   11   30   21   46  119 3404]]

validation confusion matrix:
 [[746  15  34   0  17  16   9   3 115  45]
 [ 26 825   3   0   3   8   8   4  46  77]
 [ 73   8 529   1 107 123  87  26  29  17]
 [ 32   7  82   8  52 647 115  26  16  15]
 [ 43   7  57   2 630  74  54 104  18  11]
 [ 10   4  43   1  53 793  26  52   8  10]
 [ 17   6  35   3  29  56 829   8  10   7]
 [ 14  10  34   1  62  93  13 732  12  29]
 [ 68  32  10   1   5   8  18   2 812  44]
 [ 33  78   3   0   7   8   4   7  33 827]]