training confusion matrix:
 [[3889    0   88    4    4    0    9    0    6    0]
 [   4 3988    0    2    0    2    1    0    2    1]
 [  10    1 3943    9   14    6   13    2    2    0]
 [   5    1  118 3709   23   87   49    2    3    3]
 [   8    0  207   15 3722   10   29    3    5    1]
 [   4    1   65   25   11 3875   14    4    1    0]
 [   2    0   74    6   11    6 3900    0    1    0]
 [   5    1   64   11   28   20    5 3864    2    0]
 [  15   10   22    3    0    2    5    0 3943    0]
 [  14   17   11    2    0    3    2    0    7 3944]]

validation confusion matrix:
 [[708  38  99  14  12  14  12   8  68  27]
 [ 25 807  19   6   6   7  14   4  37  75]
 [ 39   5 728  42  57  49  52  11  10   7]
 [ 23  11 142 403  50 200 107  33  16  15]
 [ 21   7 175  50 574  47  58  57   7   4]
 [  9  12 119 147  45 589  36  28   7   8]
 [  5  16  81  41  40  32 762   5  11   7]
 [ 21   8  81  44  71  79  21 649   3  23]
 [ 75  46  25  10   7   6  11   3 786  31]
 [ 40 149  19  21   3   7  21  14  39 687]]