training confusion matrix:
 [[3706    6   83   27   30   10    6   11   86   35]
 [  25 3863    2   10    8    5    5    3   25   54]
 [ 114    3 3396   87  191   70   84   28   17   10]
 [  28    7  126 3381  107  204   89   28   15   15]
 [  50    3  146   82 3557   28   55   59   15    5]
 [   9    2  106  246   99 3444   41   39    7    7]
 [  10    5   86   95   90   40 3651    7   11    5]
 [  14    3   38   76  122   34    6 3693    6    8]
 [  92   26   16   14   10    1    7    5 3806   23]
 [  35   46   17   14    5    7    9   12   30 3825]]

validation confusion matrix:
 [[758  17  50  13  23  13   8  10  71  37]
 [ 35 766  11  12   8   3  10   6  38 111]
 [ 64   7 570  80 109  63  49  30  18  10]
 [ 20  11  91 479  67 192  65  45  13  17]
 [ 21   5  95  48 642  37  45  84  12  11]
 [ 11   6  83 151  66 588  33  50   6   6]
 [ 13  14  59  54  52  36 748   8   8   8]
 [ 18   2  37  59  82  67  12 694   4  25]
 [ 76  34  15  10   9   7  11   7 802  29]
 [ 37 107  15  18   7  15  13  22  38 728]]