training confusion matrix:
 [[4000    0    0    0    0    0    0    0    0    0]
 [   0 4000    0    0    0    0    0    0    0    0]
 [   0    0 4000    0    0    0    0    0    0    0]
 [   0    0    0 4000    0    0    0    0    0    0]
 [   0    0    0    0 4000    0    0    0    0    0]
 [   0    0    0    0    0 4000    0    0    0    0]
 [   0    0    0    0    0    0 4000    0    0    0]
 [   0    0    0    0    0    0    0 4000    0    0]
 [   0    0    0    0    0    0    0    0 4000    0]
 [   0    0    0    0    0    0    0    0    0 4000]]

validation confusion matrix:
 [[779  19  45  17  19  12   4   9  64  32]
 [ 18 853   9   8   4   5   5   2  29  67]
 [ 51   5 611  66  93  53  67  25  22   7]
 [ 14   6  84 524  52 178  71  43  17  11]
 [ 25   2  77  46 662  37  51  81  13   6]
 [  8   4  58 148  47 635  27  66   4   3]
 [  6   5  54  44  30  21 812   9   6  13]
 [ 12   2  32  41  57  39  14 781   9  13]
 [ 48  26  11   9   3   5   5   5 870  18]
 [ 32  96   8  12   5   6  12  15  26 788]]