training confusion matrix:
 [[4000    0    0    0    0    0    0    0    0    0]
 [   0 4000    0    0    0    0    0    0    0    0]
 [   0    0 4000    0    0    0    0    0    0    0]
 [   0    0    0 4000    0    0    0    0    0    0]
 [   0    0    0    0 4000    0    0    0    0    0]
 [   0    0    0    0    0 4000    0    0    0    0]
 [   0    0    0    0    0    0 4000    0    0    0]
 [   0    0    0    0    0    0    0 4000    0    0]
 [   0    0    0    0    0    0    0    0 4000    0]
 [   0    0    0    0    0    0    0    0    0 4000]]

validation confusion matrix:
 [[799  19  42  14  16  15   8   9  56  22]
 [ 18 879   6  10   6   5   8   3  24  41]
 [ 64   4 602  66  97  58  53  31  18   7]
 [ 19   5  61 502  78 187  79  46  13  10]
 [ 22   3  59  35 709  31  47  79  11   4]
 [ 14   5  42 143  48 666  27  48   4   3]
 [  5   6  48  40  33  23 820   6   7  12]
 [ 13   2  20  32  64  53   7 796   5   8]
 [ 53  22  16  14   5   7   2   7 854  20]
 [ 38 106  10  15   3   7   6  15  27 773]]